
 Build configuration host Complier: sizeof(t_ve) = 4 

 Build configuration libidrs: sizeof(t_ve) = 4 

 manual IDRS driver, running Matrix size 5000 

  tolerance 0.000100 

 *** unimplemented *** 
  Matrixsize 5000 too big for dump
 this is debugmode 0 
  Number of multiprocessors:                     30
  Number of multiprocessors:                     30
  Number of multiprocessors:                     30
  Number of multiprocessors:                     30

 using N = 5000 (full vector size )
 using 182020 bytes in Host   memory
 using 306116 bytes in Device memory  Number of multiprocessors:                     30
  Number of multiprocessors:                     30
  Number of multiprocessors:                     30
  Number of multiprocessors:                     30

 additional using 2368288 bytes in Device memory
 --------------------------------------------------------- 

 ---------------         Result           ---------------- 

 --------------------------------------------------------- 


 ***X***X (m,x[n]) follows ***X***X
1	0.500000
2	0.484774
3	0.469571
4	0.454413
5	0.439311
6	0.424275
7	0.409318
8	0.394461
9	0.379725
10	0.365130
11	0.350687
12	0.336389
13	0.322236
14	0.308238
15	0.294415
16	0.280791
17	0.267380
18	0.254185
19	0.241215
20	0.228497
21	0.216056
22	0.203926
23	0.192135
24	0.180696
25	0.169615
26	0.158908
27	0.148594
28	0.138696
29	0.129233
30	0.120213
31	0.111642
32	0.103524
33	0.095866
34	0.088679
35	0.081966
36	0.075719
37	0.069926
38	0.064569
39	0.059634
40	0.055117
41	0.051010
42	0.047301
43	0.043974
44	0.041019
45	0.038426
46	0.036194
47	0.034325
48	0.032806
49	0.031624
50	0.030760
51	0.030201
52	0.029933
53	0.029939
54	0.030195
55	0.030677
56	0.031355
57	0.032207
58	0.033207
59	0.034332
60	0.035547
61	0.036820
62	0.038124
63	0.039437
64	0.040743
65	0.042027
66	0.043268
67	0.044444
68	0.045548
69	0.046576
70	0.047528
71	0.048405
72	0.049202
73	0.049910
74	0.050523
75	0.051043
76	0.051474
77	0.051824
78	0.052100
79	0.052304
80	0.052440
81	0.052513
82	0.052528
83	0.052500
84	0.052441
85	0.052351
86	0.052226
87	0.052064
88	0.051861
89	0.051619
90	0.051345
91	0.051039
92	0.050696
93	0.050302
94	0.049851
95	0.049343
96	0.048776
97	0.048144
98	0.047436
99	0.046632
100	0.045717
101	0.044690
102	0.043564
103	0.042345
104	0.041040
105	0.039651
106	0.038188
107	0.036662
108	0.035089
109	0.033489
110	0.031864
111	0.030215
112	0.028536
113	0.026830
114	0.025101
115	0.023355
116	0.021599
117	0.019827
118	0.018037
119	0.016231
120	0.014419
121	0.012606
122	0.010791
123	0.008965
124	0.007124
125	0.005266
126	0.003395
127	0.001522
128	-0.000345
129	-0.002197
130	-0.004029
131	-0.005831
132	-0.007588
133	-0.009276
134	-0.010868
135	-0.012347
136	-0.013709
137	-0.014952
138	-0.016070
139	-0.017045
140	-0.017864
141	-0.018519
142	-0.019016
143	-0.019363
144	-0.019563
145	-0.019612
146	-0.019498
147	-0.019217
148	-0.018776
149	-0.018192
150	-0.017475
151	-0.016622
152	-0.015625
153	-0.014484
154	-0.013212
155	-0.011832
156	-0.010361
157	-0.008802
158	-0.007148
159	-0.005402
160	-0.003581
161	-0.001708
162	0.000195
163	0.002120
164	0.004070
165	0.006044
166	0.008031
167	0.010004
168	0.011943
169	0.013841
170	0.015705
171	0.017534
172	0.019314
173	0.021025
174	0.022660
175	0.024224
176	0.025735
177	0.027207
178	0.028636
179	0.030015
180	0.031345
181	0.032635
182	0.033901
183	0.035153
184	0.036383
185	0.037576
186	0.038720
187	0.039818
188	0.040875
189	0.041897
190	0.042876
191	0.043793
192	0.044638
193	0.045414
194	0.046119
195	0.046751
196	0.047300
197	0.047744
198	0.048068
199	0.048280
200	0.048388
201	0.048395
202	0.048297
203	0.048090
204	0.047773
205	0.047358
206	0.046863
207	0.046304
208	0.045677
209	0.044980
210	0.044211
211	0.043381
212	0.042508
213	0.041600
214	0.040654
215	0.039664
216	0.038628
217	0.037555
218	0.036463
219	0.035354
220	0.034211
221	0.033022
222	0.031777
223	0.030475
224	0.029124
225	0.027727
226	0.026271
227	0.024738
228	0.023125
229	0.021446
230	0.019729
231	0.017990
232	0.016237
233	0.014470
234	0.012694
235	0.010934
236	0.009221
237	0.007577
238	0.006009
239	0.004522
240	0.003126
241	0.001841
242	0.000695
243	-0.000294
244	-0.001122
245	-0.001795
246	-0.002315
247	-0.002679
248	-0.002876
249	-0.002903
250	-0.002774
251	-0.002508
252	-0.002122
253	-0.001625
254	-0.001012
255	-0.000283
256	0.000548
257	0.001463
258	0.002440
259	0.003469
260	0.004547
261	0.005671
262	0.006827
263	0.007999
264	0.009170
265	0.010335
266	0.011492
267	0.012645
268	0.013783
269	0.014892
270	0.015968
271	0.017016
272	0.018041
273	0.019049
274	0.020039
275	0.021003
276	0.021940
277	0.022866
278	0.023785
279	0.024696
280	0.025592
281	0.026461
282	0.027293
283	0.028094
284	0.028862
285	0.029586
286	0.030253
287	0.030850
288	0.031376
289	0.031838
290	0.032243
291	0.032590
292	0.032866
293	0.033063
294	0.033175
295	0.033207
296	0.033168
297	0.033059
298	0.032876
299	0.032611
300	0.032263
301	0.031845
302	0.031369
303	0.030845
304	0.030275
305	0.029661
306	0.029001
307	0.028298
308	0.027558
309	0.026785
310	0.025979
311	0.025147
312	0.024295
313	0.023423
314	0.022536
315	0.021638
316	0.020736
317	0.019835
318	0.018941
319	0.018047
320	0.017145
321	0.016228
322	0.015295
323	0.014347
324	0.013384
325	0.012401
326	0.011385
327	0.010331
328	0.009240
329	0.008117
330	0.006969
331	0.005793
332	0.004580
333	0.003324
334	0.002030
335	0.000713
336	-0.000613
337	-0.001937
338	-0.003257
339	-0.004569
340	-0.005864
341	-0.007125
342	-0.008333
343	-0.009477
344	-0.010558
345	-0.011576
346	-0.012528
347	-0.013408
348	-0.014208
349	-0.014929
350	-0.015584
351	-0.016188
352	-0.016745
353	-0.017255
354	-0.017718
355	-0.018144
356	-0.018553
357	-0.018958
358	-0.019360
359	-0.019749
360	-0.020118
361	-0.020469
362	-0.020811
363	-0.021150
364	-0.021483
365	-0.021800
366	-0.022090
367	-0.022355
368	-0.022601
369	-0.022839
370	-0.023064
371	-0.023262
372	-0.023424
373	-0.023554
374	-0.023667
375	-0.023777
376	-0.023888
377	-0.023990
378	-0.024081
379	-0.024169
380	-0.024273
381	-0.024407
382	-0.024571
383	-0.024752
384	-0.024938
385	-0.025126
386	-0.025324
387	-0.025537
388	-0.025765
389	-0.026001
390	-0.026236
391	-0.026470
392	-0.026715
393	-0.026979
394	-0.027267
395	-0.027573
396	-0.027893
397	-0.028228
398	-0.028586
399	-0.028975
400	-0.029393
401	-0.029834
402	-0.030289
403	-0.030755
404	-0.031237
405	-0.031739
406	-0.032256
407	-0.032774
408	-0.033276
409	-0.033754
410	-0.034208
411	-0.034639
412	-0.035038
413	-0.035389
414	-0.035677
415	-0.035899
416	-0.036058
417	-0.036159
418	-0.036199
419	-0.036169
420	-0.036064
421	-0.035893
422	-0.035669
423	-0.035403
424	-0.035100
425	-0.034760
426	-0.034384
427	-0.033984
428	-0.033579
429	-0.033181
430	-0.032792
431	-0.032417
432	-0.032061
433	-0.031734
434	-0.031448
435	-0.031208
436	-0.031009
437	-0.030842
438	-0.030703
439	-0.030595
440	-0.030517
441	-0.030461
442	-0.030414
443	-0.030357
444	-0.030278
445	-0.030185
446	-0.030082
447	-0.029964
448	-0.029815
449	-0.029613
450	-0.029346
451	-0.029016
452	-0.028634
453	-0.028201
454	-0.027703
455	-0.027121
456	-0.026443
457	-0.025678
458	-0.024846
459	-0.023957
460	-0.023011
461	-0.021990
462	-0.020881
463	-0.019692
464	-0.018438
465	-0.017132
466	-0.015770
467	-0.014337
468	-0.012817
469	-0.011209
470	-0.009523
471	-0.007772
472	-0.005954
473	-0.004056
474	-0.002064
475	0.000026
476	0.002202
477	0.004454
478	0.006783
479	0.009194
480	0.011687
481	0.014258
482	0.016892
483	0.019577
484	0.022308
485	0.025079
486	0.027876
487	0.030681
488	0.033477
489	0.036246
490	0.038981
491	0.041678
492	0.044322
493	0.046894
494	0.049375
495	0.051759
496	0.054054
497	0.056267
498	0.058393
499	0.060419
500	0.062331
501	0.064129
502	0.065824
503	0.067429
504	0.068941
505	0.070351
506	0.071648
507	0.072831
508	0.073911
509	0.074905
510	0.075827
511	0.076672
512	0.077423
513	0.078070
514	0.078621
515	0.079087
516	0.079477
517	0.079789
518	0.080000
519	0.080096
520	0.080082
521	0.079979
522	0.079803
523	0.079561
524	0.079250
525	0.078862
526	0.078396
527	0.077869
528	0.077295
529	0.076681
530	0.076017
531	0.075288
532	0.074490
533	0.073633
534	0.072736
535	0.071808
536	0.070845
537	0.069844
538	0.068803
539	0.067735
540	0.066651
541	0.065560
542	0.064462
543	0.063347
544	0.062214
545	0.061072
546	0.059936
547	0.058814
548	0.057707
549	0.056610
550	0.055527
551	0.054476
552	0.053469
553	0.052510
554	0.051594
555	0.050712
556	0.049863
557	0.049057
558	0.048301
559	0.047590
560	0.046916
561	0.046273
562	0.045663
563	0.045095
564	0.044579
565	0.044118
566	0.043708
567	0.043343
568	0.043023
569	0.042757
570	0.042549
571	0.042393
572	0.042279
573	0.042197
574	0.042145
575	0.042133
576	0.042167
577	0.042245
578	0.042358
579	0.042503
580	0.042681
581	0.042896
582	0.043152
583	0.043443
584	0.043753
585	0.044069
586	0.044388
587	0.044715
588	0.045056
589	0.045407
590	0.045757
591	0.046100
592	0.046442
593	0.046796
594	0.047170
595	0.047554
596	0.047930
597	0.048282
598	0.048610
599	0.048914
600	0.049192
601	0.049430
602	0.049603
603	0.049688
604	0.049679
605	0.049582
606	0.049405
607	0.049142
608	0.048778
609	0.048295
610	0.047687
611	0.046967
612	0.046146
613	0.045224
614	0.044189
615	0.043031
616	0.041747
617	0.040349
618	0.038856
619	0.037278
620	0.035621
621	0.033885
622	0.032079
623	0.030219
624	0.028327
625	0.026416
626	0.024488
627	0.022546
628	0.020593
629	0.018635
630	0.016687
631	0.014753
632	0.012842
633	0.010954
634	0.009098
635	0.007282
636	0.005516
637	0.003807
638	0.002160
639	0.000576
640	-0.000941
641	-0.002390
642	-0.003768
643	-0.005078
644	-0.006329
645	-0.007521
646	-0.008651
647	-0.009718
648	-0.010719
649	-0.011660
650	-0.012551
651	-0.013404
652	-0.014210
653	-0.014966
654	-0.015671
655	-0.016331
656	-0.016962
657	-0.017572
658	-0.018155
659	-0.018702
660	-0.019207
661	-0.019674
662	-0.020116
663	-0.020545
664	-0.020964
665	-0.021370
666	-0.021763
667	-0.022147
668	-0.022536
669	-0.022941
670	-0.023361
671	-0.023787
672	-0.024205
673	-0.024611
674	-0.025011
675	-0.025412
676	-0.025813
677	-0.026205
678	-0.026576
679	-0.026917
680	-0.027230
681	-0.027518
682	-0.027781
683	-0.028006
684	-0.028172
685	-0.028263
686	-0.028278
687	-0.028224
688	-0.028109
689	-0.027934
690	-0.027696
691	-0.027404
692	-0.027066
693	-0.026695
694	-0.026301
695	-0.025888
696	-0.025455
697	-0.025007
698	-0.024548
699	-0.024079
700	-0.023604
701	-0.023121
702	-0.022628
703	-0.022124
704	-0.021613
705	-0.021098
706	-0.020570
707	-0.020022
708	-0.019447
709	-0.018841
710	-0.018210
711	-0.017555
712	-0.016878
713	-0.016181
714	-0.015476
715	-0.014782
716	-0.014119
717	-0.013503
718	-0.012943
719	-0.012441
720	-0.012006
721	-0.011646
722	-0.011371
723	-0.011187
724	-0.011089
725	-0.011064
726	-0.011108
727	-0.011225
728	-0.011420
729	-0.011693
730	-0.012035
731	-0.012426
732	-0.012851
733	-0.013302
734	-0.013773
735	-0.014254
736	-0.014729
737	-0.015181
738	-0.015597
739	-0.015978
740	-0.016325
741	-0.016640
742	-0.016919
743	-0.017151
744	-0.017330
745	-0.017461
746	-0.017553
747	-0.017612
748	-0.017638
749	-0.017626
750	-0.017575
751	-0.017493
752	-0.017391
753	-0.017280
754	-0.017160
755	-0.017026
756	-0.016872
757	-0.016699
758	-0.016515
759	-0.016328
760	-0.016142
761	-0.015960
762	-0.015781
763	-0.015609
764	-0.015457
765	-0.015335
766	-0.015245
767	-0.015182
768	-0.015135
769	-0.015098
770	-0.015075
771	-0.015064
772	-0.015059
773	-0.015051
774	-0.015032
775	-0.015000
776	-0.014959
777	-0.014908
778	-0.014845
779	-0.014768
780	-0.014676
781	-0.014570
782	-0.014462
783	-0.014355
784	-0.014256
785	-0.014172
786	-0.014114
787	-0.014097
788	-0.014138
789	-0.014244
790	-0.014411
791	-0.014639
792	-0.014924
793	-0.015269
794	-0.015679
795	-0.016147
796	-0.016657
797	-0.017196
798	-0.017758
799	-0.018342
800	-0.018950
801	-0.019585
802	-0.020235
803	-0.020879
804	-0.021509
805	-0.022121
806	-0.022722
807	-0.023310
808	-0.023873
809	-0.024394
810	-0.024866
811	-0.025298
812	-0.025709
813	-0.026110
814	-0.026493
815	-0.026843
816	-0.027156
817	-0.027433
818	-0.027689
819	-0.027932
820	-0.028150
821	-0.028325
822	-0.028445
823	-0.028510
824	-0.028530
825	-0.028519
826	-0.028475
827	-0.028382
828	-0.028237
829	-0.028047
830	-0.027822
831	-0.027574
832	-0.027305
833	-0.027005
834	-0.026671
835	-0.026307
836	-0.025919
837	-0.025512
838	-0.025084
839	-0.024621
840	-0.024112
841	-0.023554
842	-0.022951
843	-0.022308
844	-0.021628
845	-0.020904
846	-0.020133
847	-0.019321
848	-0.018477
849	-0.017611
850	-0.016729
851	-0.015829
852	-0.014907
853	-0.013967
854	-0.013017
855	-0.012064
856	-0.011112
857	-0.010157
858	-0.009192
859	-0.008223
860	-0.007258
861	-0.006306
862	-0.005366
863	-0.004427
864	-0.003472
865	-0.002494
866	-0.001495
867	-0.000480
868	0.000559
869	0.001637
870	0.002764
871	0.003936
872	0.005138
873	0.006354
874	0.007569
875	0.008778
876	0.009977
877	0.011157
878	0.012297
879	0.013382
880	0.014402
881	0.015357
882	0.016252
883	0.017091
884	0.017864
885	0.018555
886	0.019161
887	0.019685
888	0.020133
889	0.020504
890	0.020792
891	0.020991
892	0.021103
893	0.021133
894	0.021093
895	0.020987
896	0.020818
897	0.020591
898	0.020304
899	0.019958
900	0.019558
901	0.019105
902	0.018596
903	0.018030
904	0.017407
905	0.016730
906	0.016002
907	0.015236
908	0.014434
909	0.013598
910	0.012736
911	0.011853
912	0.010950
913	0.010030
914	0.009090
915	0.008124
916	0.007116
917	0.006065
918	0.004973
919	0.003844
920	0.002684
921	0.001494
922	0.000275
923	-0.000964
924	-0.002201
925	-0.003416
926	-0.004604
927	-0.005765
928	-0.006896
929	-0.007988
930	-0.009028
931	-0.010004
932	-0.010910
933	-0.011747
934	-0.012516
935	-0.013207
936	-0.013807
937	-0.014308
938	-0.014708
939	-0.015016
940	-0.015247
941	-0.015412
942	-0.015516
943	-0.015566
944	-0.015578
945	-0.015566
946	-0.015544
947	-0.015526
948	-0.015520
949	-0.015530
950	-0.015562
951	-0.015618
952	-0.015704
953	-0.015824
954	-0.015984
955	-0.016182
956	-0.016414
957	-0.016677
958	-0.016963
959	-0.017272
960	-0.017606
961	-0.017959
962	-0.018324
963	-0.018690
964	-0.019042
965	-0.019375
966	-0.019691
967	-0.019991
968	-0.020270
969	-0.020515
970	-0.020708
971	-0.020845
972	-0.020936
973	-0.020992
974	-0.021018
975	-0.021012
976	-0.020964
977	-0.020873
978	-0.020753
979	-0.020621
980	-0.020487
981	-0.020347
982	-0.020189
983	-0.020007
984	-0.019810
985	-0.019615
986	-0.019433
987	-0.019266
988	-0.019108
989	-0.018949
990	-0.018790
991	-0.018646
992	-0.018527
993	-0.018437
994	-0.018365
995	-0.018296
996	-0.018221
997	-0.018148
998	-0.018088
999	-0.018048
1000	-0.018022
1001	-0.017994
1002	-0.017957
1003	-0.017921
1004	-0.017898
1005	-0.017889
1006	-0.017882
1007	-0.017866
1008	-0.017832
1009	-0.017794
1010	-0.017765
1011	-0.017751
1012	-0.017743
1013	-0.017732
1014	-0.017715
1015	-0.017703
1016	-0.017710
1017	-0.017735
1018	-0.017763
1019	-0.017779
1020	-0.017778
1021	-0.017771
1022	-0.017765
1023	-0.017755
1024	-0.017723
1025	-0.017652
1026	-0.017539
1027	-0.017396
1028	-0.017226
1029	-0.017020
1030	-0.016758
1031	-0.016423
1032	-0.016013
1033	-0.015541
1034	-0.015023
1035	-0.014458
1036	-0.013832
1037	-0.013131
1038	-0.012359
1039	-0.011533
1040	-0.010675
1041	-0.009792
1042	-0.008872
1043	-0.007907
1044	-0.006897
1045	-0.005863
1046	-0.004827
1047	-0.003802
1048	-0.002781
1049	-0.001754
1050	-0.000720
1051	0.000310
1052	0.001319
1053	0.002299
1054	0.003259
1055	0.004212
1056	0.005162
1057	0.006100
1058	0.007011
1059	0.007885
1060	0.008728
1061	0.009557
1062	0.010375
1063	0.011172
1064	0.011932
1065	0.012642
1066	0.013305
1067	0.013935
1068	0.014535
1069	0.015092
1070	0.015585
1071	0.016004
1072	0.016354
1073	0.016651
1074	0.016901
1075	0.017100
1076	0.017237
1077	0.017316
1078	0.017355
1079	0.017383
1080	0.017410
1081	0.017432
1082	0.017439
1083	0.017435
1084	0.017432
1085	0.017453
1086	0.017505
1087	0.017576
1088	0.017648
1089	0.017718
1090	0.017797
1091	0.017898
1092	0.018024
1093	0.018162
1094	0.018289
1095	0.018393
1096	0.018475
1097	0.018543
1098	0.018593
1099	0.018610
1100	0.018578
1101	0.018488
1102	0.018347
1103	0.018168
1104	0.017958
1105	0.017716
1106	0.017431
1107	0.017097
1108	0.016724
1109	0.016321
1110	0.015893
1111	0.015438
1112	0.014946
1113	0.014410
1114	0.013834
1115	0.013232
1116	0.012609
1117	0.011962
1118	0.011284
1119	0.010564
1120	0.009809
1121	0.009029
1122	0.008225
1123	0.007388
1124	0.006511
1125	0.005588
1126	0.004625
1127	0.003635
1128	0.002624
1129	0.001585
1130	0.000513
1131	-0.000589
1132	-0.001704
1133	-0.002817
1134	-0.003918
1135	-0.005014
1136	-0.006110
1137	-0.007201
1138	-0.008266
1139	-0.009290
1140	-0.010268
1141	-0.011209
1142	-0.012123
1143	-0.013007
1144	-0.013845
1145	-0.014622
1146	-0.015329
1147	-0.015976
1148	-0.016576
1149	-0.017126
1150	-0.017616
1151	-0.018038
1152	-0.018389
1153	-0.018685
1154	-0.018948
1155	-0.019186
1156	-0.019392
1157	-0.019564
1158	-0.019698
1159	-0.019797
1160	-0.019866
1161	-0.019903
1162	-0.019899
1163	-0.019840
1164	-0.019715
1165	-0.019522
1166	-0.019262
1167	-0.018938
1168	-0.018548
1169	-0.018088
1170	-0.017553
1171	-0.016943
1172	-0.016267
1173	-0.015528
1174	-0.014727
1175	-0.013872
1176	-0.012968
1177	-0.012022
1178	-0.011049
1179	-0.010066
1180	-0.009083
1181	-0.008110
1182	-0.007155
1183	-0.006223
1184	-0.005322
1185	-0.004458
1186	-0.003626
1187	-0.002816
1188	-0.002019
1189	-0.001230
1190	-0.000448
1191	0.000332
1192	0.001124
1193	0.001947
1194	0.002810
1195	0.003709
1196	0.004631
1197	0.005568
1198	0.006523
1199	0.007505
1200	0.008513
1201	0.009535
1202	0.010548
1203	0.011537
1204	0.012502
1205	0.013455
1206	0.014407
1207	0.015352
1208	0.016273
1209	0.017156
1210	0.017999
1211	0.018812
1212	0.019599
1213	0.020356
1214	0.021057
1215	0.021685
1216	0.022234
1217	0.022713
1218	0.023129
1219	0.023482
1220	0.023759
1221	0.023946
1222	0.024036
1223	0.024037
1224	0.023954
1225	0.023781
1226	0.023506
1227	0.023114
1228	0.022601
1229	0.021971
1230	0.021234
1231	0.020395
1232	0.019459
1233	0.018433
1234	0.017324
1235	0.016141
1236	0.014894
1237	0.013593
1238	0.012239
1239	0.010837
1240	0.009389
1241	0.007899
1242	0.006375
1243	0.004825
1244	0.003257
1245	0.001682
1246	0.000110
1247	-0.001446
1248	-0.002983
1249	-0.004497
1250	-0.005984
1251	-0.007443
1252	-0.008877
1253	-0.010286
1254	-0.011672
1255	-0.013039
1256	-0.014388
1257	-0.015714
1258	-0.017018
1259	-0.018294
1260	-0.019531
1261	-0.020724
1262	-0.021871
1263	-0.022970
1264	-0.024018
1265	-0.025014
1266	-0.025955
1267	-0.026836
1268	-0.027658
1269	-0.028431
1270	-0.029163
1271	-0.029855
1272	-0.030504
1273	-0.031101
1274	-0.031648
1275	-0.032158
1276	-0.032640
1277	-0.033094
1278	-0.033514
1279	-0.033898
1280	-0.034255
1281	-0.034601
1282	-0.034949
1283	-0.035305
1284	-0.035668
1285	-0.036036
1286	-0.036414
1287	-0.036810
1288	-0.037224
1289	-0.037649
1290	-0.038068
1291	-0.038469
1292	-0.038849
1293	-0.039205
1294	-0.039530
1295	-0.039819
1296	-0.040067
1297	-0.040273
1298	-0.040441
1299	-0.040575
1300	-0.040673
1301	-0.040739
1302	-0.040771
1303	-0.040765
1304	-0.040719
1305	-0.040632
1306	-0.040509
1307	-0.040359
1308	-0.040189
1309	-0.040001
1310	-0.039804
1311	-0.039610
1312	-0.039436
1313	-0.039294
1314	-0.039191
1315	-0.039125
1316	-0.039086
1317	-0.039067
1318	-0.039067
1319	-0.039086
1320	-0.039118
1321	-0.039153
1322	-0.039177
1323	-0.039179
1324	-0.039161
1325	-0.039128
1326	-0.039079
1327	-0.039007
1328	-0.038905
1329	-0.038766
1330	-0.038591
1331	-0.038387
1332	-0.038156
1333	-0.037905
1334	-0.037638
1335	-0.037361
1336	-0.037082
1337	-0.036817
1338	-0.036578
1339	-0.036372
1340	-0.036204
1341	-0.036074
1342	-0.035987
1343	-0.035951
1344	-0.035966
1345	-0.036027
1346	-0.036128
1347	-0.036268
1348	-0.036447
1349	-0.036657
1350	-0.036883
1351	-0.037107
1352	-0.037322
1353	-0.037521
1354	-0.037696
1355	-0.037837
1356	-0.037931
1357	-0.037968
1358	-0.037949
1359	-0.037877
1360	-0.037760
1361	-0.037602
1362	-0.037403
1363	-0.037157
1364	-0.036862
1365	-0.036526
1366	-0.036157
1367	-0.035756
1368	-0.035318
1369	-0.034835
1370	-0.034308
1371	-0.033739
1372	-0.033134
1373	-0.032495
1374	-0.031821
1375	-0.031111
1376	-0.030363
1377	-0.029581
1378	-0.028771
1379	-0.027940
1380	-0.027094
1381	-0.026234
1382	-0.025358
1383	-0.024472
1384	-0.023583
1385	-0.022694
1386	-0.021805
1387	-0.020910
1388	-0.020005
1389	-0.019078
1390	-0.018131
1391	-0.017161
1392	-0.016167
1393	-0.015144
1394	-0.014088
1395	-0.012991
1396	-0.011850
1397	-0.010671
1398	-0.009463
1399	-0.008231
1400	-0.006977
1401	-0.005707
1402	-0.004427
1403	-0.003157
1404	-0.001923
1405	-0.000747
1406	0.000358
1407	0.001383
1408	0.002319
1409	0.003157
1410	0.003885
1411	0.004498
1412	0.005002
1413	0.005407
1414	0.005726
1415	0.005964
1416	0.006119
1417	0.006193
1418	0.006186
1419	0.006105
1420	0.005955
1421	0.005740
1422	0.005460
1423	0.005117
1424	0.004719
1425	0.004272
1426	0.003784
1427	0.003261
1428	0.002704
1429	0.002117
1430	0.001504
1431	0.000865
1432	0.000197
1433	-0.000502
1434	-0.001229
1435	-0.001978
1436	-0.002737
1437	-0.003499
1438	-0.004263
1439	-0.005027
1440	-0.005787
1441	-0.006534
1442	-0.007263
1443	-0.007974
1444	-0.008680
1445	-0.009394
1446	-0.010125
1447	-0.010872
1448	-0.011637
1449	-0.012420
1450	-0.013225
1451	-0.014060
1452	-0.014923
1453	-0.015810
1454	-0.016709
1455	-0.017609
1456	-0.018502
1457	-0.019381
1458	-0.020239
1459	-0.021073
1460	-0.021875
1461	-0.022633
1462	-0.023330
1463	-0.023956
1464	-0.024507
1465	-0.024987
1466	-0.025398
1467	-0.025731
1468	-0.025969
1469	-0.026105
1470	-0.026138
1471	-0.026081
1472	-0.025949
1473	-0.025742
1474	-0.025449
1475	-0.025066
1476	-0.024607
1477	-0.024094
1478	-0.023542
1479	-0.022957
1480	-0.022321
1481	-0.021623
1482	-0.020866
1483	-0.020062
1484	-0.019218
1485	-0.018328
1486	-0.017381
1487	-0.016371
1488	-0.015305
1489	-0.014204
1490	-0.013085
1491	-0.011953
1492	-0.010801
1493	-0.009623
1494	-0.008418
1495	-0.007190
1496	-0.005941
1497	-0.004663
1498	-0.003340
1499	-0.001967
1500	-0.000548
1501	0.000903
1502	0.002373
1503	0.003855
1504	0.005340
1505	0.006819
1506	0.008276
1507	0.009702
1508	0.011087
1509	0.012431
1510	0.013734
1511	0.014997
1512	0.016214
1513	0.017372
1514	0.018461
1515	0.019478
1516	0.020423
1517	0.021293
1518	0.022079
1519	0.022773
1520	0.023376
1521	0.023900
1522	0.024360
1523	0.024766
1524	0.025120
1525	0.025420
1526	0.025663
1527	0.025853
1528	0.025993
1529	0.026083
1530	0.026111
1531	0.026056
1532	0.025905
1533	0.025658
1534	0.025328
1535	0.024929
1536	0.024462
1537	0.023921
1538	0.023301
1539	0.022612
1540	0.021869
1541	0.021084
1542	0.020259
1543	0.019385
1544	0.018457
1545	0.017476
1546	0.016456
1547	0.015410
1548	0.014346
1549	0.013268
1550	0.012172
1551	0.011063
1552	0.009951
1553	0.008848
1554	0.007754
1555	0.006664
1556	0.005573
1557	0.004480
1558	0.003387
1559	0.002301
1560	0.001226
1561	0.000169
1562	-0.000860
1563	-0.001860
1564	-0.002828
1565	-0.003760
1566	-0.004657
1567	-0.005518
1568	-0.006339
1569	-0.007127
1570	-0.007889
1571	-0.008625
1572	-0.009344
1573	-0.010051
1574	-0.010744
1575	-0.011420
1576	-0.012073
1577	-0.012706
1578	-0.013318
1579	-0.013912
1580	-0.014485
1581	-0.015028
1582	-0.015535
1583	-0.016000
1584	-0.016422
1585	-0.016799
1586	-0.017125
1587	-0.017389
1588	-0.017572
1589	-0.017666
1590	-0.017667
1591	-0.017576
1592	-0.017394
1593	-0.017111
1594	-0.016721
1595	-0.016227
1596	-0.015640
1597	-0.014976
1598	-0.014247
1599	-0.013461
1600	-0.012623
1601	-0.011739
1602	-0.010821
1603	-0.009881
1604	-0.008923
1605	-0.007947
1606	-0.006950
1607	-0.005930
1608	-0.004887
1609	-0.003826
1610	-0.002748
1611	-0.001646
1612	-0.000512
1613	0.000653
1614	0.001847
1615	0.003070
1616	0.004321
1617	0.005606
1618	0.006938
1619	0.008314
1620	0.009724
1621	0.011156
1622	0.012604
1623	0.014063
1624	0.015532
1625	0.016998
1626	0.018439
1627	0.019831
1628	0.021163
1629	0.022436
1630	0.023654
1631	0.024811
1632	0.025894
1633	0.026891
1634	0.027802
1635	0.028645
1636	0.029434
1637	0.030174
1638	0.030858
1639	0.031477
1640	0.032037
1641	0.032557
1642	0.033057
1643	0.033544
1644	0.034004
1645	0.034427
1646	0.034813
1647	0.035169
1648	0.035508
1649	0.035829
1650	0.036116
1651	0.036350
1652	0.036522
1653	0.036634
1654	0.036694
1655	0.036700
1656	0.036643
1657	0.036507
1658	0.036290
1659	0.036000
1660	0.035651
1661	0.035246
1662	0.034777
1663	0.034233
1664	0.033613
1665	0.032929
1666	0.032192
1667	0.031405
1668	0.030564
1669	0.029664
1670	0.028706
1671	0.027706
1672	0.026682
1673	0.025641
1674	0.024587
1675	0.023511
1676	0.022410
1677	0.021284
1678	0.020146
1679	0.018997
1680	0.017828
1681	0.016627
1682	0.015386
1683	0.014118
1684	0.012847
1685	0.011593
1686	0.010363
1687	0.009152
1688	0.007951
1689	0.006770
1690	0.005626
1691	0.004530
1692	0.003476
1693	0.002450
1694	0.001432
1695	0.000423
1696	-0.000547
1697	-0.001449
1698	-0.002270
1699	-0.003010
1700	-0.003675
1701	-0.004254
1702	-0.004723
1703	-0.005055
1704	-0.005242
1705	-0.005297
1706	-0.005238
1707	-0.005065
1708	-0.004759
1709	-0.004299
1710	-0.003671
1711	-0.002885
1712	-0.001959
1713	-0.000904
1714	0.000282
1715	0.001605
1716	0.003053
1717	0.004600
1718	0.006211
1719	0.007859
1720	0.009535
1721	0.011241
1722	0.012965
1723	0.014687
1724	0.016385
1725	0.018046
1726	0.019666
1727	0.021250
1728	0.022793
1729	0.024276
1730	0.025686
1731	0.027023
1732	0.028297
1733	0.029520
1734	0.030699
1735	0.031831
1736	0.032918
1737	0.033970
1738	0.035002
1739	0.036019
1740	0.037017
1741	0.037983
1742	0.038914
1743	0.039809
1744	0.040666
1745	0.041479
1746	0.042246
1747	0.042955
1748	0.043595
1749	0.044159
1750	0.044647
1751	0.045053
1752	0.045375
1753	0.045599
1754	0.045716
1755	0.045715
1756	0.045601
1757	0.045384
1758	0.045072
1759	0.044662
1760	0.044145
1761	0.043517
1762	0.042785
1763	0.041962
1764	0.041060
1765	0.040081
1766	0.039016
1767	0.037859
1768	0.036628
1769	0.035346
1770	0.034036
1771	0.032701
1772	0.031345
1773	0.029965
1774	0.028573
1775	0.027182
1776	0.025802
1777	0.024431
1778	0.023057
1779	0.021671
1780	0.020275
1781	0.018868
1782	0.017459
1783	0.016049
1784	0.014625
1785	0.013168
1786	0.011674
1787	0.010141
1788	0.008568
1789	0.006952
1790	0.005289
1791	0.003565
1792	0.001782
1793	-0.000049
1794	-0.001913
1795	-0.003791
1796	-0.005670
1797	-0.007541
1798	-0.009390
1799	-0.011197
1800	-0.012931
1801	-0.014573
1802	-0.016109
1803	-0.017530
1804	-0.018824
1805	-0.019976
1806	-0.020967
1807	-0.021787
1808	-0.022437
1809	-0.022922
1810	-0.023247
1811	-0.023420
1812	-0.023450
1813	-0.023347
1814	-0.023127
1815	-0.022807
1816	-0.022398
1817	-0.021908
1818	-0.021343
1819	-0.020710
1820	-0.020017
1821	-0.019280
1822	-0.018508
1823	-0.017713
1824	-0.016902
1825	-0.016082
1826	-0.015269
1827	-0.014476
1828	-0.013714
1829	-0.012985
1830	-0.012281
1831	-0.011595
1832	-0.010924
1833	-0.010271
1834	-0.009633
1835	-0.009006
1836	-0.008383
1837	-0.007754
1838	-0.007126
1839	-0.006507
1840	-0.005904
1841	-0.005316
1842	-0.004731
1843	-0.004134
1844	-0.003529
1845	-0.002927
1846	-0.002339
1847	-0.001768
1848	-0.001206
1849	-0.000640
1850	-0.000081
1851	0.000447
1852	0.000925
1853	0.001339
1854	0.001696
1855	0.002006
1856	0.002265
1857	0.002456
1858	0.002564
1859	0.002581
1860	0.002519
1861	0.002395
1862	0.002215
1863	0.001973
1864	0.001665
1865	0.001296
1866	0.000882
1867	0.000446
1868	-0.000003
1869	-0.000461
1870	-0.000928
1871	-0.001403
1872	-0.001877
1873	-0.002339
1874	-0.002779
1875	-0.003193
1876	-0.003578
1877	-0.003938
1878	-0.004271
1879	-0.004572
1880	-0.004833
1881	-0.005054
1882	-0.005241
1883	-0.005406
1884	-0.005563
1885	-0.005722
1886	-0.005887
1887	-0.006063
1888	-0.006256
1889	-0.006474
1890	-0.006727
1891	-0.007020
1892	-0.007352
1893	-0.007721
1894	-0.008132
1895	-0.008592
1896	-0.009106
1897	-0.009675
1898	-0.010294
1899	-0.010954
1900	-0.011648
1901	-0.012375
1902	-0.013125
1903	-0.013879
1904	-0.014617
1905	-0.015323
1906	-0.015989
1907	-0.016615
1908	-0.017194
1909	-0.017721
1910	-0.018187
1911	-0.018594
1912	-0.018947
1913	-0.019251
1914	-0.019513
1915	-0.019731
1916	-0.019904
1917	-0.020037
1918	-0.020142
1919	-0.020233
1920	-0.020323
1921	-0.020415
1922	-0.020510
1923	-0.020609
1924	-0.020715
1925	-0.020835
1926	-0.020969
1927	-0.021113
1928	-0.021255
1929	-0.021385
1930	-0.021487
1931	-0.021555
1932	-0.021585
1933	-0.021574
1934	-0.021517
1935	-0.021405
1936	-0.021227
1937	-0.020987
1938	-0.020690
1939	-0.020350
1940	-0.019977
1941	-0.019571
1942	-0.019137
1943	-0.018689
1944	-0.018243
1945	-0.017812
1946	-0.017411
1947	-0.017041
1948	-0.016702
1949	-0.016395
1950	-0.016130
1951	-0.015912
1952	-0.015748
1953	-0.015637
1954	-0.015570
1955	-0.015538
1956	-0.015539
1957	-0.015578
1958	-0.015661
1959	-0.015780
1960	-0.015923
1961	-0.016083
1962	-0.016254
1963	-0.016445
1964	-0.016668
1965	-0.016921
1966	-0.017193
1967	-0.017479
1968	-0.017784
1969	-0.018118
1970	-0.018498
1971	-0.018924
1972	-0.019379
1973	-0.019845
1974	-0.020322
1975	-0.020816
1976	-0.021334
1977	-0.021872
1978	-0.022414
1979	-0.022939
1980	-0.023444
1981	-0.023941
1982	-0.024439
1983	-0.024944
1984	-0.025447
1985	-0.025932
1986	-0.026390
1987	-0.026826
1988	-0.027249
1989	-0.027661
1990	-0.028053
1991	-0.028408
1992	-0.028717
1993	-0.028980
1994	-0.029213
1995	-0.029430
1996	-0.029623
1997	-0.029772
1998	-0.029870
1999	-0.029918
2000	-0.029927
2001	-0.029908
2002	-0.029863
2003	-0.029775
2004	-0.029642
2005	-0.029481
2006	-0.029310
2007	-0.029149
2008	-0.029009
2009	-0.028887
2010	-0.028784
2011	-0.028706
2012	-0.028662
2013	-0.028656
2014	-0.028678
2015	-0.028713
2016	-0.028754
2017	-0.028801
2018	-0.028857
2019	-0.028916
2020	-0.028964
2021	-0.028985
2022	-0.028973
2023	-0.028932
2024	-0.028860
2025	-0.028748
2026	-0.028580
2027	-0.028342
2028	-0.028030
2029	-0.027651
2030	-0.027214
2031	-0.026721
2032	-0.026169
2033	-0.025556
2034	-0.024887
2035	-0.024176
2036	-0.023432
2037	-0.022656
2038	-0.021841
2039	-0.020978
2040	-0.020070
2041	-0.019129
2042	-0.018164
2043	-0.017176
2044	-0.016165
2045	-0.015130
2046	-0.014077
2047	-0.013021
2048	-0.011972
2049	-0.010939
2050	-0.009921
2051	-0.008913
2052	-0.007917
2053	-0.006942
2054	-0.006002
2055	-0.005109
2056	-0.004264
2057	-0.003467
2058	-0.002725
2059	-0.002048
2060	-0.001445
2061	-0.000917
2062	-0.000464
2063	-0.000079
2064	0.000238
2065	0.000489
2066	0.000679
2067	0.000803
2068	0.000866
2069	0.000876
2070	0.000841
2071	0.000765
2072	0.000649
2073	0.000495
2074	0.000311
2075	0.000106
2076	-0.000113
2077	-0.000354
2078	-0.000620
2079	-0.000909
2080	-0.001215
2081	-0.001534
2082	-0.001867
2083	-0.002218
2084	-0.002585
2085	-0.002961
2086	-0.003333
2087	-0.003694
2088	-0.004047
2089	-0.004401
2090	-0.004765
2091	-0.005135
2092	-0.005496
2093	-0.005840
2094	-0.006170
2095	-0.006502
2096	-0.006843
2097	-0.007175
2098	-0.007478
2099	-0.007740
2100	-0.007973
2101	-0.008197
2102	-0.008427
2103	-0.008663
2104	-0.008893
2105	-0.009113
2106	-0.009337
2107	-0.009583
2108	-0.009864
2109	-0.010179
2110	-0.010505
2111	-0.010826
2112	-0.011144
2113	-0.011483
2114	-0.011855
2115	-0.012257
2116	-0.012678
2117	-0.013108
2118	-0.013549
2119	-0.014024
2120	-0.014546
2121	-0.015114
2122	-0.015715
2123	-0.016338
2124	-0.016985
2125	-0.017665
2126	-0.018386
2127	-0.019158
2128	-0.019972
2129	-0.020819
2130	-0.021694
2131	-0.022599
2132	-0.023535
2133	-0.024493
2134	-0.025455
2135	-0.026399
2136	-0.027309
2137	-0.028171
2138	-0.028975
2139	-0.029712
2140	-0.030372
2141	-0.030942
2142	-0.031416
2143	-0.031791
2144	-0.032067
2145	-0.032248
2146	-0.032336
2147	-0.032326
2148	-0.032217
2149	-0.032015
2150	-0.031732
2151	-0.031378
2152	-0.030961
2153	-0.030487
2154	-0.029966
2155	-0.029409
2156	-0.028826
2157	-0.028224
2158	-0.027604
2159	-0.026970
2160	-0.026325
2161	-0.025670
2162	-0.025002
2163	-0.024322
2164	-0.023632
2165	-0.022931
2166	-0.022215
2167	-0.021483
2168	-0.020734
2169	-0.019965
2170	-0.019177
2171	-0.018370
2172	-0.017537
2173	-0.016681
2174	-0.015808
2175	-0.014919
2176	-0.014014
2177	-0.013092
2178	-0.012154
2179	-0.011196
2180	-0.010219
2181	-0.009220
2182	-0.008196
2183	-0.007140
2184	-0.006042
2185	-0.004899
2186	-0.003717
2187	-0.002501
2188	-0.001258
2189	0.000010
2190	0.001300
2191	0.002601
2192	0.003904
2193	0.005201
2194	0.006487
2195	0.007761
2196	0.009023
2197	0.010273
2198	0.011512
2199	0.012741
2200	0.013960
2201	0.015164
2202	0.016354
2203	0.017529
2204	0.018690
2205	0.019836
2206	0.020962
2207	0.022065
2208	0.023142
2209	0.024196
2210	0.025234
2211	0.026259
2212	0.027263
2213	0.028230
2214	0.029145
2215	0.030003
2216	0.030804
2217	0.031543
2218	0.032206
2219	0.032771
2220	0.033228
2221	0.033580
2222	0.033843
2223	0.034029
2224	0.034140
2225	0.034173
2226	0.034131
2227	0.034028
2228	0.033887
2229	0.033720
2230	0.033529
2231	0.033308
2232	0.033055
2233	0.032777
2234	0.032487
2235	0.032194
2236	0.031896
2237	0.031587
2238	0.031264
2239	0.030934
2240	0.030610
2241	0.030302
2242	0.030011
2243	0.029738
2244	0.029483
2245	0.029252
2246	0.029054
2247	0.028895
2248	0.028777
2249	0.028698
2250	0.028655
2251	0.028644
2252	0.028665
2253	0.028721
2254	0.028810
2255	0.028925
2256	0.029059
2257	0.029199
2258	0.029339
2259	0.029474
2260	0.029596
2261	0.029699
2262	0.029773
2263	0.029812
2264	0.029815
2265	0.029789
2266	0.029745
2267	0.029692
2268	0.029635
2269	0.029581
2270	0.029539
2271	0.029519
2272	0.029535
2273	0.029591
2274	0.029685
2275	0.029805
2276	0.029951
2277	0.030128
2278	0.030341
2279	0.030588
2280	0.030858
2281	0.031134
2282	0.031406
2283	0.031674
2284	0.031937
2285	0.032184
2286	0.032389
2287	0.032528
2288	0.032589
2289	0.032574
2290	0.032493
2291	0.032344
2292	0.032117
2293	0.031806
2294	0.031421
2295	0.030984
2296	0.030520
2297	0.030036
2298	0.029530
2299	0.028995
2300	0.028436
2301	0.027869
2302	0.027310
2303	0.026755
2304	0.026192
2305	0.025611
2306	0.025008
2307	0.024396
2308	0.023791
2309	0.023191
2310	0.022588
2311	0.021970
2312	0.021333
2313	0.020681
2314	0.020019
2315	0.019344
2316	0.018648
2317	0.017922
2318	0.017164
2319	0.016377
2320	0.015566
2321	0.014733
2322	0.013880
2323	0.013007
2324	0.012113
2325	0.011194
2326	0.010248
2327	0.009276
2328	0.008272
2329	0.007231
2330	0.006148
2331	0.005019
2332	0.003844
2333	0.002631
2334	0.001393
2335	0.000139
2336	-0.001123
2337	-0.002387
2338	-0.003644
2339	-0.004878
2340	-0.006078
2341	-0.007235
2342	-0.008344
2343	-0.009405
2344	-0.010411
2345	-0.011347
2346	-0.012209
2347	-0.012999
2348	-0.013722
2349	-0.014379
2350	-0.014966
2351	-0.015477
2352	-0.015913
2353	-0.016301
2354	-0.016665
2355	-0.017022
2356	-0.017371
2357	-0.017709
2358	-0.018045
2359	-0.018396
2360	-0.018782
2361	-0.019205
2362	-0.019647
2363	-0.020091
2364	-0.020530
2365	-0.020971
2366	-0.021422
2367	-0.021871
2368	-0.022297
2369	-0.022676
2370	-0.023001
2371	-0.023277
2372	-0.023506
2373	-0.023672
2374	-0.023754
2375	-0.023737
2376	-0.023622
2377	-0.023420
2378	-0.023143
2379	-0.022791
2380	-0.022356
2381	-0.021841
2382	-0.021262
2383	-0.020638
2384	-0.019982
2385	-0.019301
2386	-0.018590
2387	-0.017850
2388	-0.017087
2389	-0.016309
2390	-0.015519
2391	-0.014707
2392	-0.013862
2393	-0.012976
2394	-0.012045
2395	-0.011071
2396	-0.010058
2397	-0.009003
2398	-0.007904
2399	-0.006764
2400	-0.005589
2401	-0.004386
2402	-0.003161
2403	-0.001918
2404	-0.000657
2405	0.000622
2406	0.001919
2407	0.003230
2408	0.004550
2409	0.005873
2410	0.007191
2411	0.008498
2412	0.009794
2413	0.011076
2414	0.012346
2415	0.013601
2416	0.014842
2417	0.016071
2418	0.017293
2419	0.018520
2420	0.019759
2421	0.021010
2422	0.022270
2423	0.023529
2424	0.024779
2425	0.026020
2426	0.027248
2427	0.028459
2428	0.029645
2429	0.030800
2430	0.031916
2431	0.032985
2432	0.034010
2433	0.034992
2434	0.035931
2435	0.036817
2436	0.037637
2437	0.038376
2438	0.039028
2439	0.039608
2440	0.040120
2441	0.040555
2442	0.040904
2443	0.041158
2444	0.041321
2445	0.041415
2446	0.041459
2447	0.041451
2448	0.041378
2449	0.041228
2450	0.041006
2451	0.040728
2452	0.040418
2453	0.040083
2454	0.039706
2455	0.039279
2456	0.038813
2457	0.038337
2458	0.037873
2459	0.037428
2460	0.036995
2461	0.036563
2462	0.036136
2463	0.035737
2464	0.035374
2465	0.035046
2466	0.034740
2467	0.034438
2468	0.034136
2469	0.033842
2470	0.033561
2471	0.033287
2472	0.033005
2473	0.032695
2474	0.032352
2475	0.031995
2476	0.031636
2477	0.031273
2478	0.030898
2479	0.030506
2480	0.030106
2481	0.029718
2482	0.029357
2483	0.029030
2484	0.028732
2485	0.028458
2486	0.028217
2487	0.028024
2488	0.027896
2489	0.027831
2490	0.027815
2491	0.027833
2492	0.027876
2493	0.027951
2494	0.028065
2495	0.028205
2496	0.028342
2497	0.028451
2498	0.028521
2499	0.028564
2500	0.028596
2501	0.028620
2502	0.028617
2503	0.028573
2504	0.028480
2505	0.028351
2506	0.028210
2507	0.028062
2508	0.027892
2509	0.027677
2510	0.027411
2511	0.027112
2512	0.026802
2513	0.026491
2514	0.026167
2515	0.025812
2516	0.025420
2517	0.025007
2518	0.024590
2519	0.024170
2520	0.023732
2521	0.023264
2522	0.022759
2523	0.022229
2524	0.021694
2525	0.021168
2526	0.020652
2527	0.020140
2528	0.019637
2529	0.019154
2530	0.018704
2531	0.018294
2532	0.017913
2533	0.017551
2534	0.017203
2535	0.016868
2536	0.016547
2537	0.016232
2538	0.015912
2539	0.015574
2540	0.015209
2541	0.014811
2542	0.014375
2543	0.013896
2544	0.013362
2545	0.012760
2546	0.012087
2547	0.011341
2548	0.010528
2549	0.009655
2550	0.008731
2551	0.007767
2552	0.006776
2553	0.005775
2554	0.004777
2555	0.003799
2556	0.002861
2557	0.001973
2558	0.001141
2559	0.000371
2560	-0.000335
2561	-0.000967
2562	-0.001521
2563	-0.002000
2564	-0.002409
2565	-0.002757
2566	-0.003045
2567	-0.003273
2568	-0.003439
2569	-0.003550
2570	-0.003618
2571	-0.003655
2572	-0.003670
2573	-0.003664
2574	-0.003633
2575	-0.003581
2576	-0.003518
2577	-0.003454
2578	-0.003390
2579	-0.003322
2580	-0.003238
2581	-0.003137
2582	-0.003028
2583	-0.002915
2584	-0.002801
2585	-0.002683
2586	-0.002554
2587	-0.002415
2588	-0.002275
2589	-0.002140
2590	-0.002012
2591	-0.001890
2592	-0.001768
2593	-0.001642
2594	-0.001518
2595	-0.001405
2596	-0.001309
2597	-0.001235
2598	-0.001185
2599	-0.001158
2600	-0.001161
2601	-0.001200
2602	-0.001280
2603	-0.001403
2604	-0.001570
2605	-0.001776
2606	-0.002016
2607	-0.002292
2608	-0.002606
2609	-0.002958
2610	-0.003350
2611	-0.003778
2612	-0.004234
2613	-0.004719
2614	-0.005230
2615	-0.005757
2616	-0.006290
2617	-0.006820
2618	-0.007337
2619	-0.007832
2620	-0.008302
2621	-0.008735
2622	-0.009127
2623	-0.009478
2624	-0.009792
2625	-0.010075
2626	-0.010330
2627	-0.010553
2628	-0.010745
2629	-0.010914
2630	-0.011075
2631	-0.011240
2632	-0.011412
2633	-0.011587
2634	-0.011760
2635	-0.011936
2636	-0.012127
2637	-0.012342
2638	-0.012578
2639	-0.012824
2640	-0.013063
2641	-0.013292
2642	-0.013516
2643	-0.013739
2644	-0.013962
2645	-0.014176
2646	-0.014366
2647	-0.014532
2648	-0.014681
2649	-0.014826
2650	-0.014973
2651	-0.015118
2652	-0.015255
2653	-0.015382
2654	-0.015518
2655	-0.015680
2656	-0.015877
2657	-0.016107
2658	-0.016363
2659	-0.016639
2660	-0.016941
2661	-0.017277
2662	-0.017645
2663	-0.018036
2664	-0.018436
2665	-0.018830
2666	-0.019218
2667	-0.019607
2668	-0.019998
2669	-0.020387
2670	-0.020766
2671	-0.021132
2672	-0.021491
2673	-0.021851
2674	-0.022217
2675	-0.022578
2676	-0.022930
2677	-0.023277
2678	-0.023630
2679	-0.024006
2680	-0.024412
2681	-0.024846
2682	-0.025307
2683	-0.025803
2684	-0.026345
2685	-0.026942
2686	-0.027595
2687	-0.028286
2688	-0.028999
2689	-0.029733
2690	-0.030492
2691	-0.031279
2692	-0.032092
2693	-0.032912
2694	-0.033726
2695	-0.034539
2696	-0.035361
2697	-0.036197
2698	-0.037039
2699	-0.037869
2700	-0.038665
2701	-0.039417
2702	-0.040130
2703	-0.040808
2704	-0.041451
2705	-0.042049
2706	-0.042588
2707	-0.043060
2708	-0.043476
2709	-0.043853
2710	-0.044200
2711	-0.044513
2712	-0.044778
2713	-0.044986
2714	-0.045145
2715	-0.045268
2716	-0.045364
2717	-0.045438
2718	-0.045482
2719	-0.045492
2720	-0.045472
2721	-0.045435
2722	-0.045389
2723	-0.045334
2724	-0.045255
2725	-0.045137
2726	-0.044972
2727	-0.044764
2728	-0.044513
2729	-0.044218
2730	-0.043874
2731	-0.043472
2732	-0.043015
2733	-0.042512
2734	-0.041967
2735	-0.041381
2736	-0.040756
2737	-0.040090
2738	-0.039378
2739	-0.038624
2740	-0.037836
2741	-0.037015
2742	-0.036164
2743	-0.035285
2744	-0.034386
2745	-0.033478
2746	-0.032573
2747	-0.031677
2748	-0.030786
2749	-0.029899
2750	-0.029017
2751	-0.028143
2752	-0.027277
2753	-0.026419
2754	-0.025566
2755	-0.024721
2756	-0.023887
2757	-0.023065
2758	-0.022264
2759	-0.021488
2760	-0.020741
2761	-0.020027
2762	-0.019353
2763	-0.018720
2764	-0.018127
2765	-0.017579
2766	-0.017079
2767	-0.016634
2768	-0.016255
2769	-0.015943
2770	-0.015697
2771	-0.015522
2772	-0.015428
2773	-0.015419
2774	-0.015496
2775	-0.015648
2776	-0.015869
2777	-0.016157
2778	-0.016517
2779	-0.016947
2780	-0.017439
2781	-0.017978
2782	-0.018551
2783	-0.019156
2784	-0.019795
2785	-0.020468
2786	-0.021170
2787	-0.021892
2788	-0.022625
2789	-0.023375
2790	-0.024151
2791	-0.024963
2792	-0.025811
2793	-0.026688
2794	-0.027588
2795	-0.028523
2796	-0.029504
2797	-0.030531
2798	-0.031593
2799	-0.032676
2800	-0.033777
2801	-0.034904
2802	-0.036070
2803	-0.037277
2804	-0.038509
2805	-0.039749
2806	-0.040984
2807	-0.042211
2808	-0.043433
2809	-0.044642
2810	-0.045817
2811	-0.046936
2812	-0.047986
2813	-0.048969
2814	-0.049898
2815	-0.050782
2816	-0.051612
2817	-0.052383
2818	-0.053098
2819	-0.053769
2820	-0.054414
2821	-0.055039
2822	-0.055637
2823	-0.056196
2824	-0.056711
2825	-0.057195
2826	-0.057662
2827	-0.058125
2828	-0.058582
2829	-0.059019
2830	-0.059430
2831	-0.059816
2832	-0.060188
2833	-0.060549
2834	-0.060889
2835	-0.061183
2836	-0.061409
2837	-0.061561
2838	-0.061649
2839	-0.061678
2840	-0.061643
2841	-0.061526
2842	-0.061316
2843	-0.061022
2844	-0.060667
2845	-0.060273
2846	-0.059841
2847	-0.059356
2848	-0.058807
2849	-0.058203
2850	-0.057566
2851	-0.056921
2852	-0.056268
2853	-0.055590
2854	-0.054871
2855	-0.054111
2856	-0.053332
2857	-0.052555
2858	-0.051782
2859	-0.050991
2860	-0.050163
2861	-0.049302
2862	-0.048427
2863	-0.047556
2864	-0.046686
2865	-0.045794
2866	-0.044860
2867	-0.043884
2868	-0.042887
2869	-0.041888
2870	-0.040889
2871	-0.039871
2872	-0.038816
2873	-0.037729
2874	-0.036637
2875	-0.035567
2876	-0.034526
2877	-0.033499
2878	-0.032465
2879	-0.031428
2880	-0.030405
2881	-0.029416
2882	-0.028459
2883	-0.027518
2884	-0.026571
2885	-0.025619
2886	-0.024679
2887	-0.023768
2888	-0.022885
2889	-0.022012
2890	-0.021131
2891	-0.020241
2892	-0.019353
2893	-0.018479
2894	-0.017619
2895	-0.016748
2896	-0.015847
2897	-0.014915
2898	-0.013962
2899	-0.013003
2900	-0.012038
2901	-0.011056
2902	-0.010043
2903	-0.009005
2904	-0.007960
2905	-0.006923
2906	-0.005899
2907	-0.004885
2908	-0.003872
2909	-0.002865
2910	-0.001883
2911	-0.000941
2912	-0.000043
2913	0.000820
2914	0.001656
2915	0.002463
2916	0.003223
2917	0.003917
2918	0.004545
2919	0.005125
2920	0.005675
2921	0.006208
2922	0.006723
2923	0.007214
2924	0.007692
2925	0.008177
2926	0.008697
2927	0.009268
2928	0.009892
2929	0.010555
2930	0.011250
2931	0.011977
2932	0.012745
2933	0.013557
2934	0.014404
2935	0.015266
2936	0.016130
2937	0.016992
2938	0.017858
2939	0.018729
2940	0.019600
2941	0.020456
2942	0.021276
2943	0.022054
2944	0.022790
2945	0.023485
2946	0.024139
2947	0.024748
2948	0.025301
2949	0.025800
2950	0.026253
2951	0.026673
2952	0.027071
2953	0.027455
2954	0.027827
2955	0.028183
2956	0.028522
2957	0.028839
2958	0.029125
2959	0.029379
2960	0.029600
2961	0.029785
2962	0.029929
2963	0.030031
2964	0.030085
2965	0.030097
2966	0.030075
2967	0.030027
2968	0.029951
2969	0.029842
2970	0.029695
2971	0.029509
2972	0.029292
2973	0.029047
2974	0.028773
2975	0.028467
2976	0.028126
2977	0.027755
2978	0.027365
2979	0.026960
2980	0.026541
2981	0.026104
2982	0.025643
2983	0.025153
2984	0.024635
2985	0.024091
2986	0.023516
2987	0.022909
2988	0.022267
2989	0.021585
2990	0.020869
2991	0.020134
2992	0.019384
2993	0.018624
2994	0.017859
2995	0.017100
2996	0.016353
2997	0.015625
2998	0.014919
2999	0.014237
3000	0.013576
3001	0.012934
3002	0.012310
3003	0.011706
3004	0.011119
3005	0.010545
3006	0.009982
3007	0.009430
3008	0.008886
3009	0.008350
3010	0.007819
3011	0.007285
3012	0.006741
3013	0.006186
3014	0.005618
3015	0.005034
3016	0.004433
3017	0.003816
3018	0.003187
3019	0.002552
3020	0.001918
3021	0.001293
3022	0.000683
3023	0.000091
3024	-0.000482
3025	-0.001037
3026	-0.001570
3027	-0.002078
3028	-0.002561
3029	-0.003019
3030	-0.003454
3031	-0.003865
3032	-0.004243
3033	-0.004580
3034	-0.004867
3035	-0.005100
3036	-0.005282
3037	-0.005415
3038	-0.005504
3039	-0.005549
3040	-0.005554
3041	-0.005528
3042	-0.005483
3043	-0.005433
3044	-0.005385
3045	-0.005341
3046	-0.005294
3047	-0.005244
3048	-0.005196
3049	-0.005154
3050	-0.005118
3051	-0.005084
3052	-0.005049
3053	-0.005012
3054	-0.004988
3055	-0.004990
3056	-0.005026
3057	-0.005089
3058	-0.005163
3059	-0.005238
3060	-0.005312
3061	-0.005388
3062	-0.005460
3063	-0.005511
3064	-0.005520
3065	-0.005480
3066	-0.005402
3067	-0.005305
3068	-0.005198
3069	-0.005081
3070	-0.004942
3071	-0.004779
3072	-0.004604
3073	-0.004434
3074	-0.004276
3075	-0.004119
3076	-0.003944
3077	-0.003736
3078	-0.003504
3079	-0.003269
3080	-0.003045
3081	-0.002826
3082	-0.002590
3083	-0.002319
3084	-0.002019
3085	-0.001705
3086	-0.001388
3087	-0.001058
3088	-0.000691
3089	-0.000261
3090	0.000229
3091	0.000760
3092	0.001310
3093	0.001876
3094	0.002472
3095	0.003114
3096	0.003801
3097	0.004512
3098	0.005225
3099	0.005941
3100	0.006676
3101	0.007454
3102	0.008287
3103	0.009165
3104	0.010075
3105	0.011016
3106	0.012005
3107	0.013061
3108	0.014190
3109	0.015380
3110	0.016615
3111	0.017892
3112	0.019220
3113	0.020615
3114	0.022082
3115	0.023612
3116	0.025192
3117	0.026819
3118	0.028500
3119	0.030246
3120	0.032056
3121	0.033918
3122	0.035815
3123	0.037740
3124	0.039691
3125	0.041668
3126	0.043654
3127	0.045633
3128	0.047586
3129	0.049506
3130	0.051390
3131	0.053234
3132	0.055023
3133	0.056742
3134	0.058380
3135	0.059931
3136	0.061395
3137	0.062774
3138	0.064060
3139	0.065247
3140	0.066331
3141	0.067318
3142	0.068221
3143	0.069059
3144	0.069841
3145	0.070571
3146	0.071249
3147	0.071884
3148	0.072489
3149	0.073076
3150	0.073642
3151	0.074173
3152	0.074653
3153	0.075075
3154	0.075438
3155	0.075748
3156	0.075997
3157	0.076169
3158	0.076244
3159	0.076211
3160	0.076074
3161	0.075841
3162	0.075515
3163	0.075084
3164	0.074534
3165	0.073870
3166	0.073102
3167	0.072253
3168	0.071346
3169	0.070390
3170	0.069388
3171	0.068348
3172	0.067287
3173	0.066225
3174	0.065178
3175	0.064155
3176	0.063145
3177	0.062136
3178	0.061130
3179	0.060131
3180	0.059138
3181	0.058144
3182	0.057133
3183	0.056091
3184	0.055011
3185	0.053896
3186	0.052740
3187	0.051537
3188	0.050274
3189	0.048939
3190	0.047524
3191	0.046027
3192	0.044444
3193	0.042773
3194	0.041010
3195	0.039151
3196	0.037194
3197	0.035146
3198	0.033014
3199	0.030806
3200	0.028534
3201	0.026206
3202	0.023833
3203	0.021427
3204	0.019003
3205	0.016575
3206	0.014157
3207	0.011759
3208	0.009388
3209	0.007055
3210	0.004771
3211	0.002549
3212	0.000395
3213	-0.001689
3214	-0.003703
3215	-0.005637
3216	-0.007492
3217	-0.009270
3218	-0.010974
3219	-0.012607
3220	-0.014174
3221	-0.015679
3222	-0.017130
3223	-0.018541
3224	-0.019917
3225	-0.021255
3226	-0.022556
3227	-0.023821
3228	-0.025049
3229	-0.026243
3230	-0.027403
3231	-0.028521
3232	-0.029592
3233	-0.030616
3234	-0.031592
3235	-0.032524
3236	-0.033413
3237	-0.034255
3238	-0.035046
3239	-0.035782
3240	-0.036466
3241	-0.037100
3242	-0.037687
3243	-0.038224
3244	-0.038709
3245	-0.039142
3246	-0.039530
3247	-0.039877
3248	-0.040186
3249	-0.040461
3250	-0.040704
3251	-0.040917
3252	-0.041103
3253	-0.041260
3254	-0.041387
3255	-0.041486
3256	-0.041568
3257	-0.041640
3258	-0.041708
3259	-0.041769
3260	-0.041822
3261	-0.041869
3262	-0.041919
3263	-0.041988
3264	-0.042075
3265	-0.042168
3266	-0.042255
3267	-0.042329
3268	-0.042397
3269	-0.042461
3270	-0.042517
3271	-0.042547
3272	-0.042536
3273	-0.042485
3274	-0.042406
3275	-0.042316
3276	-0.042215
3277	-0.042094
3278	-0.041949
3279	-0.041788
3280	-0.041630
3281	-0.041495
3282	-0.041386
3283	-0.041290
3284	-0.041198
3285	-0.041114
3286	-0.041053
3287	-0.041029
3288	-0.041043
3289	-0.041085
3290	-0.041147
3291	-0.041234
3292	-0.041363
3293	-0.041547
3294	-0.041785
3295	-0.042067
3296	-0.042384
3297	-0.042742
3298	-0.043156
3299	-0.043636
3300	-0.044177
3301	-0.044768
3302	-0.045398
3303	-0.046072
3304	-0.046803
3305	-0.047603
3306	-0.048468
3307	-0.049386
3308	-0.050343
3309	-0.051334
3310	-0.052362
3311	-0.053426
3312	-0.054515
3313	-0.055607
3314	-0.056679
3315	-0.057720
3316	-0.058729
3317	-0.059708
3318	-0.060651
3319	-0.061541
3320	-0.062369
3321	-0.063135
3322	-0.063848
3323	-0.064516
3324	-0.065142
3325	-0.065714
3326	-0.066213
3327	-0.066637
3328	-0.066991
3329	-0.067286
3330	-0.067524
3331	-0.067697
3332	-0.067785
3333	-0.067783
3334	-0.067701
3335	-0.067556
3336	-0.067358
3337	-0.067103
3338	-0.066781
3339	-0.066383
3340	-0.065918
3341	-0.065401
3342	-0.064844
3343	-0.064245
3344	-0.063588
3345	-0.062863
3346	-0.062072
3347	-0.061235
3348	-0.060365
3349	-0.059457
3350	-0.058494
3351	-0.057457
3352	-0.056345
3353	-0.055173
3354	-0.053956
3355	-0.052690
3356	-0.051360
3357	-0.049954
3358	-0.048478
3359	-0.046956
3360	-0.045416
3361	-0.043873
3362	-0.042329
3363	-0.040785
3364	-0.039258
3365	-0.037768
3366	-0.036333
3367	-0.034958
3368	-0.033630
3369	-0.032342
3370	-0.031096
3371	-0.029900
3372	-0.028754
3373	-0.027647
3374	-0.026561
3375	-0.025484
3376	-0.024409
3377	-0.023336
3378	-0.022255
3379	-0.021151
3380	-0.020009
3381	-0.018818
3382	-0.017577
3383	-0.016292
3384	-0.014967
3385	-0.013598
3386	-0.012189
3387	-0.010748
3388	-0.009291
3389	-0.007834
3390	-0.006392
3391	-0.004965
3392	-0.003553
3393	-0.002163
3394	-0.000809
3395	0.000497
3396	0.001751
3397	0.002952
3398	0.004109
3399	0.005223
3400	0.006293
3401	0.007315
3402	0.008285
3403	0.009208
3404	0.010088
3405	0.010926
3406	0.011720
3407	0.012466
3408	0.013161
3409	0.013807
3410	0.014409
3411	0.014975
3412	0.015509
3413	0.016017
3414	0.016506
3415	0.016985
3416	0.017461
3417	0.017942
3418	0.018438
3419	0.018947
3420	0.019469
3421	0.020002
3422	0.020539
3423	0.021082
3424	0.021639
3425	0.022212
3426	0.022798
3427	0.023385
3428	0.023965
3429	0.024536
3430	0.025102
3431	0.025659
3432	0.026200
3433	0.026714
3434	0.027191
3435	0.027636
3436	0.028058
3437	0.028465
3438	0.028867
3439	0.029274
3440	0.029693
3441	0.030140
3442	0.030633
3443	0.031181
3444	0.031788
3445	0.032461
3446	0.033200
3447	0.034007
3448	0.034888
3449	0.035845
3450	0.036877
3451	0.037983
3452	0.039155
3453	0.040381
3454	0.041658
3455	0.042981
3456	0.044345
3457	0.045738
3458	0.047147
3459	0.048554
3460	0.049949
3461	0.051330
3462	0.052694
3463	0.054038
3464	0.055358
3465	0.056645
3466	0.057892
3467	0.059101
3468	0.060270
3469	0.061400
3470	0.062493
3471	0.063546
3472	0.064559
3473	0.065542
3474	0.066499
3475	0.067436
3476	0.068358
3477	0.069267
3478	0.070158
3479	0.071034
3480	0.071901
3481	0.072758
3482	0.073606
3483	0.074445
3484	0.075269
3485	0.076077
3486	0.076875
3487	0.077666
3488	0.078450
3489	0.079223
3490	0.079972
3491	0.080686
3492	0.081353
3493	0.081961
3494	0.082494
3495	0.082936
3496	0.083271
3497	0.083485
3498	0.083569
3499	0.083507
3500	0.083285
3501	0.082898
3502	0.082341
3503	0.081612
3504	0.080715
3505	0.079652
3506	0.078424
3507	0.077040
3508	0.075514
3509	0.073861
3510	0.072098
3511	0.070250
3512	0.068327
3513	0.066340
3514	0.064306
3515	0.062240
3516	0.060155
3517	0.058067
3518	0.055978
3519	0.053888
3520	0.051806
3521	0.049742
3522	0.047701
3523	0.045681
3524	0.043673
3525	0.041659
3526	0.039630
3527	0.037583
3528	0.035519
3529	0.033434
3530	0.031318
3531	0.029164
3532	0.026972
3533	0.024752
3534	0.022526
3535	0.020311
3536	0.018112
3537	0.015933
3538	0.013782
3539	0.011667
3540	0.009603
3541	0.007600
3542	0.005667
3543	0.003809
3544	0.002028
3545	0.000326
3546	-0.001290
3547	-0.002810
3548	-0.004236
3549	-0.005576
3550	-0.006840
3551	-0.008042
3552	-0.009189
3553	-0.010286
3554	-0.011340
3555	-0.012356
3556	-0.013345
3557	-0.014314
3558	-0.015262
3559	-0.016186
3560	-0.017085
3561	-0.017958
3562	-0.018804
3563	-0.019631
3564	-0.020438
3565	-0.021219
3566	-0.021970
3567	-0.022689
3568	-0.023372
3569	-0.024015
3570	-0.024612
3571	-0.025161
3572	-0.025659
3573	-0.026103
3574	-0.026496
3575	-0.026836
3576	-0.027120
3577	-0.027342
3578	-0.027501
3579	-0.027592
3580	-0.027612
3581	-0.027555
3582	-0.027415
3583	-0.027184
3584	-0.026861
3585	-0.026453
3586	-0.025969
3587	-0.025418
3588	-0.024804
3589	-0.024126
3590	-0.023391
3591	-0.022613
3592	-0.021807
3593	-0.020982
3594	-0.020134
3595	-0.019257
3596	-0.018357
3597	-0.017454
3598	-0.016564
3599	-0.015697
3600	-0.014848
3601	-0.014008
3602	-0.013180
3603	-0.012375
3604	-0.011596
3605	-0.010837
3606	-0.010077
3607	-0.009301
3608	-0.008509
3609	-0.007717
3610	-0.006936
3611	-0.006164
3612	-0.005395
3613	-0.004627
3614	-0.003873
3615	-0.003150
3616	-0.002464
3617	-0.001808
3618	-0.001168
3619	-0.000533
3620	0.000098
3621	0.000718
3622	0.001332
3623	0.001941
3624	0.002554
3625	0.003171
3626	0.003792
3627	0.004414
3628	0.005041
3629	0.005678
3630	0.006331
3631	0.007003
3632	0.007694
3633	0.008403
3634	0.009131
3635	0.009883
3636	0.010653
3637	0.011437
3638	0.012226
3639	0.013013
3640	0.013796
3641	0.014569
3642	0.015329
3643	0.016068
3644	0.016775
3645	0.017449
3646	0.018082
3647	0.018663
3648	0.019185
3649	0.019643
3650	0.020030
3651	0.020345
3652	0.020587
3653	0.020749
3654	0.020832
3655	0.020840
3656	0.020778
3657	0.020650
3658	0.020454
3659	0.020191
3660	0.019863
3661	0.019480
3662	0.019051
3663	0.018579
3664	0.018063
3665	0.017503
3666	0.016903
3667	0.016279
3668	0.015647
3669	0.015015
3670	0.014374
3671	0.013718
3672	0.013048
3673	0.012374
3674	0.011700
3675	0.011018
3676	0.010311
3677	0.009568
3678	0.008786
3679	0.007966
3680	0.007112
3681	0.006215
3682	0.005266
3683	0.004260
3684	0.003200
3685	0.002094
3686	0.000952
3687	-0.000217
3688	-0.001419
3689	-0.002658
3690	-0.003927
3691	-0.005213
3692	-0.006499
3693	-0.007773
3694	-0.009032
3695	-0.010277
3696	-0.011507
3697	-0.012714
3698	-0.013888
3699	-0.015019
3700	-0.016101
3701	-0.017137
3702	-0.018130
3703	-0.019078
3704	-0.019982
3705	-0.020831
3706	-0.021624
3707	-0.022369
3708	-0.023074
3709	-0.023743
3710	-0.024378
3711	-0.024972
3712	-0.025523
3713	-0.026035
3714	-0.026513
3715	-0.026957
3716	-0.027363
3717	-0.027726
3718	-0.028037
3719	-0.028301
3720	-0.028530
3721	-0.028734
3722	-0.028920
3723	-0.029092
3724	-0.029251
3725	-0.029404
3726	-0.029560
3727	-0.029727
3728	-0.029902
3729	-0.030083
3730	-0.030266
3731	-0.030454
3732	-0.030656
3733	-0.030881
3734	-0.031132
3735	-0.031409
3736	-0.031717
3737	-0.032064
3738	-0.032459
3739	-0.032909
3740	-0.033407
3741	-0.033939
3742	-0.034493
3743	-0.035062
3744	-0.035648
3745	-0.036253
3746	-0.036873
3747	-0.037495
3748	-0.038112
3749	-0.038725
3750	-0.039341
3751	-0.039964
3752	-0.040592
3753	-0.041210
3754	-0.041806
3755	-0.042374
3756	-0.042915
3757	-0.043433
3758	-0.043920
3759	-0.044372
3760	-0.044784
3761	-0.045158
3762	-0.045504
3763	-0.045829
3764	-0.046130
3765	-0.046401
3766	-0.046638
3767	-0.046838
3768	-0.047005
3769	-0.047142
3770	-0.047248
3771	-0.047319
3772	-0.047351
3773	-0.047348
3774	-0.047313
3775	-0.047252
3776	-0.047167
3777	-0.047056
3778	-0.046922
3779	-0.046771
3780	-0.046611
3781	-0.046445
3782	-0.046273
3783	-0.046091
3784	-0.045901
3785	-0.045708
3786	-0.045509
3787	-0.045298
3788	-0.045065
3789	-0.044803
3790	-0.044505
3791	-0.044179
3792	-0.043826
3793	-0.043447
3794	-0.043041
3795	-0.042613
3796	-0.042161
3797	-0.041690
3798	-0.041205
3799	-0.040698
3800	-0.040158
3801	-0.039573
3802	-0.038934
3803	-0.038238
3804	-0.037480
3805	-0.036652
3806	-0.035746
3807	-0.034755
3808	-0.033673
3809	-0.032501
3810	-0.031238
3811	-0.029882
3812	-0.028426
3813	-0.026862
3814	-0.025181
3815	-0.023378
3816	-0.021458
3817	-0.019424
3818	-0.017279
3819	-0.015030
3820	-0.012682
3821	-0.010246
3822	-0.007740
3823	-0.005179
3824	-0.002575
3825	0.000058
3826	0.002709
3827	0.005367
3828	0.008021
3829	0.010662
3830	0.013286
3831	0.015887
3832	0.018457
3833	0.020987
3834	0.023468
3835	0.025894
3836	0.028263
3837	0.030573
3838	0.032815
3839	0.034986
3840	0.037080
3841	0.039102
3842	0.041060
3843	0.042960
3844	0.044805
3845	0.046599
3846	0.048347
3847	0.050055
3848	0.051728
3849	0.053371
3850	0.054980
3851	0.056546
3852	0.058064
3853	0.059533
3854	0.060957
3855	0.062338
3856	0.063672
3857	0.064951
3858	0.066168
3859	0.067322
3860	0.068414
3861	0.069441
3862	0.070394
3863	0.071255
3864	0.072006
3865	0.072632
3866	0.073127
3867	0.073487
3868	0.073710
3869	0.073792
3870	0.073728
3871	0.073523
3872	0.073185
3873	0.072726
3874	0.072155
3875	0.071473
3876	0.070680
3877	0.069780
3878	0.068777
3879	0.067678
3880	0.066487
3881	0.065203
3882	0.063831
3883	0.062373
3884	0.060834
3885	0.059220
3886	0.057540
3887	0.055799
3888	0.053998
3889	0.052131
3890	0.050196
3891	0.048190
3892	0.046118
3893	0.043982
3894	0.041785
3895	0.039524
3896	0.037197
3897	0.034809
3898	0.032369
3899	0.029885
3900	0.027362
3901	0.024805
3902	0.022216
3903	0.019601
3904	0.016973
3905	0.014336
3906	0.011695
3907	0.009053
3908	0.006417
3909	0.003805
3910	0.001233
3911	-0.001290
3912	-0.003758
3913	-0.006165
3914	-0.008498
3915	-0.010742
3916	-0.012889
3917	-0.014933
3918	-0.016874
3919	-0.018720
3920	-0.020469
3921	-0.022117
3922	-0.023664
3923	-0.025119
3924	-0.026488
3925	-0.027775
3926	-0.028987
3927	-0.030121
3928	-0.031172
3929	-0.032148
3930	-0.033054
3931	-0.033892
3932	-0.034668
3933	-0.035384
3934	-0.036035
3935	-0.036618
3936	-0.037128
3937	-0.037562
3938	-0.037917
3939	-0.038187
3940	-0.038359
3941	-0.038414
3942	-0.038339
3943	-0.038124
3944	-0.037768
3945	-0.037281
3946	-0.036663
3947	-0.035913
3948	-0.035034
3949	-0.034034
3950	-0.032922
3951	-0.031715
3952	-0.030421
3953	-0.029045
3954	-0.027591
3955	-0.026071
3956	-0.024496
3957	-0.022884
3958	-0.021251
3959	-0.019610
3960	-0.017975
3961	-0.016362
3962	-0.014792
3963	-0.013279
3964	-0.011825
3965	-0.010430
3966	-0.009092
3967	-0.007810
3968	-0.006580
3969	-0.005394
3970	-0.004236
3971	-0.003091
3972	-0.001952
3973	-0.000821
3974	0.000309
3975	0.001446
3976	0.002602
3977	0.003793
3978	0.005018
3979	0.006263
3980	0.007521
3981	0.008794
3982	0.010091
3983	0.011413
3984	0.012749
3985	0.014074
3986	0.015366
3987	0.016620
3988	0.017839
3989	0.019021
3990	0.020155
3991	0.021218
3992	0.022192
3993	0.023075
3994	0.023877
3995	0.024602
3996	0.025246
3997	0.025794
3998	0.026242
3999	0.026597
4000	0.026874
4001	0.027084
4002	0.027232
4003	0.027316
4004	0.027337
4005	0.027298
4006	0.027210
4007	0.027081
4008	0.026911
4009	0.026703
4010	0.026455
4011	0.026168
4012	0.025850
4013	0.025507
4014	0.025146
4015	0.024768
4016	0.024367
4017	0.023942
4018	0.023490
4019	0.023015
4020	0.022513
4021	0.021979
4022	0.021402
4023	0.020773
4024	0.020095
4025	0.019372
4026	0.018614
4027	0.017822
4028	0.016993
4029	0.016121
4030	0.015211
4031	0.014279
4032	0.013337
4033	0.012394
4034	0.011446
4035	0.010484
4036	0.009519
4037	0.008566
4038	0.007642
4039	0.006751
4040	0.005885
4041	0.005029
4042	0.004178
4043	0.003338
4044	0.002515
4045	0.001701
4046	0.000876
4047	0.000020
4048	-0.000877
4049	-0.001807
4050	-0.002758
4051	-0.003729
4052	-0.004735
4053	-0.005793
4054	-0.006907
4055	-0.008065
4056	-0.009252
4057	-0.010466
4058	-0.011718
4059	-0.013013
4060	-0.014350
4061	-0.015718
4062	-0.017099
4063	-0.018483
4064	-0.019879
4065	-0.021290
4066	-0.022717
4067	-0.024155
4068	-0.025598
4069	-0.027041
4070	-0.028493
4071	-0.029962
4072	-0.031448
4073	-0.032945
4074	-0.034439
4075	-0.035917
4076	-0.037374
4077	-0.038806
4078	-0.040210
4079	-0.041579
4080	-0.042898
4081	-0.044156
4082	-0.045349
4083	-0.046477
4084	-0.047537
4085	-0.048531
4086	-0.049450
4087	-0.050285
4088	-0.051040
4089	-0.051725
4090	-0.052346
4091	-0.052908
4092	-0.053411
4093	-0.053857
4094	-0.054257
4095	-0.054639
4096	-0.055019
4097	-0.055403
4098	-0.055788
4099	-0.056170
4100	-0.056558
4101	-0.056967
4102	-0.057406
4103	-0.057867
4104	-0.058330
4105	-0.058774
4106	-0.059191
4107	-0.059587
4108	-0.059963
4109	-0.060304
4110	-0.060582
4111	-0.060773
4112	-0.060868
4113	-0.060878
4114	-0.060811
4115	-0.060662
4116	-0.060407
4117	-0.060026
4118	-0.059513
4119	-0.058884
4120	-0.058155
4121	-0.057329
4122	-0.056393
4123	-0.055336
4124	-0.054160
4125	-0.052887
4126	-0.051539
4127	-0.050132
4128	-0.048664
4129	-0.047129
4130	-0.045525
4131	-0.043867
4132	-0.042167
4133	-0.040434
4134	-0.038659
4135	-0.036833
4136	-0.034949
4137	-0.033011
4138	-0.031030
4139	-0.029012
4140	-0.026954
4141	-0.024853
4142	-0.022705
4143	-0.020513
4144	-0.018293
4145	-0.016054
4146	-0.013797
4147	-0.011524
4148	-0.009235
4149	-0.006936
4150	-0.004646
4151	-0.002383
4152	-0.000150
4153	0.002047
4154	0.004198
4155	0.006293
4156	0.008315
4157	0.010252
4158	0.012105
4159	0.013881
4160	0.015578
4161	0.017191
4162	0.018717
4163	0.020153
4164	0.021506
4165	0.022790
4166	0.024010
4167	0.025156
4168	0.026223
4169	0.027209
4170	0.028122
4171	0.028975
4172	0.029773
4173	0.030510
4174	0.031182
4175	0.031791
4176	0.032351
4177	0.032870
4178	0.033350
4179	0.033779
4180	0.034149
4181	0.034458
4182	0.034712
4183	0.034913
4184	0.035054
4185	0.035119
4186	0.035092
4187	0.034968
4188	0.034747
4189	0.034428
4190	0.034000
4191	0.033446
4192	0.032751
4193	0.031915
4194	0.030940
4195	0.029826
4196	0.028574
4197	0.027178
4198	0.025642
4199	0.023979
4200	0.022209
4201	0.020348
4202	0.018410
4203	0.016407
4204	0.014350
4205	0.012256
4206	0.010151
4207	0.008054
4208	0.005978
4209	0.003932
4210	0.001919
4211	-0.000052
4212	-0.001968
4213	-0.003809
4214	-0.005566
4215	-0.007242
4216	-0.008843
4217	-0.010374
4218	-0.011832
4219	-0.013208
4220	-0.014499
4221	-0.015712
4222	-0.016859
4223	-0.017951
4224	-0.018984
4225	-0.019948
4226	-0.020836
4227	-0.021650
4228	-0.022398
4229	-0.023086
4230	-0.023710
4231	-0.024256
4232	-0.024711
4233	-0.025082
4234	-0.025380
4235	-0.025619
4236	-0.025794
4237	-0.025893
4238	-0.025907
4239	-0.025849
4240	-0.025738
4241	-0.025587
4242	-0.025395
4243	-0.025156
4244	-0.024863
4245	-0.024528
4246	-0.024171
4247	-0.023806
4248	-0.023434
4249	-0.023052
4250	-0.022653
4251	-0.022247
4252	-0.021852
4253	-0.021474
4254	-0.021102
4255	-0.020713
4256	-0.020288
4257	-0.019826
4258	-0.019334
4259	-0.018814
4260	-0.018250
4261	-0.017623
4262	-0.016926
4263	-0.016167
4264	-0.015365
4265	-0.014528
4266	-0.013653
4267	-0.012725
4268	-0.011740
4269	-0.010701
4270	-0.009620
4271	-0.008504
4272	-0.007352
4273	-0.006162
4274	-0.004936
4275	-0.003686
4276	-0.002433
4277	-0.001196
4278	0.000020
4279	0.001221
4280	0.002413
4281	0.003592
4282	0.004747
4283	0.005871
4284	0.006970
4285	0.008057
4286	0.009141
4287	0.010219
4288	0.011269
4289	0.012271
4290	0.013223
4291	0.014130
4292	0.015001
4293	0.015831
4294	0.016606
4295	0.017303
4296	0.017922
4297	0.018473
4298	0.018970
4299	0.019416
4300	0.019796
4301	0.020091
4302	0.020301
4303	0.020435
4304	0.020505
4305	0.020520
4306	0.020467
4307	0.020338
4308	0.020136
4309	0.019879
4310	0.019588
4311	0.019276
4312	0.018947
4313	0.018593
4314	0.018212
4315	0.017818
4316	0.017431
4317	0.017058
4318	0.016699
4319	0.016340
4320	0.015975
4321	0.015603
4322	0.015238
4323	0.014892
4324	0.014564
4325	0.014251
4326	0.013952
4327	0.013672
4328	0.013420
4329	0.013204
4330	0.013019
4331	0.012852
4332	0.012690
4333	0.012532
4334	0.012380
4335	0.012232
4336	0.012077
4337	0.011899
4338	0.011692
4339	0.011454
4340	0.011195
4341	0.010916
4342	0.010611
4343	0.010269
4344	0.009879
4345	0.009440
4346	0.008957
4347	0.008433
4348	0.007868
4349	0.007256
4350	0.006600
4351	0.005910
4352	0.005209
4353	0.004512
4354	0.003826
4355	0.003151
4356	0.002485
4357	0.001833
4358	0.001209
4359	0.000618
4360	0.000057
4361	-0.000484
4362	-0.001014
4363	-0.001532
4364	-0.002026
4365	-0.002483
4366	-0.002896
4367	-0.003269
4368	-0.003607
4369	-0.003913
4370	-0.004181
4371	-0.004400
4372	-0.004569
4373	-0.004696
4374	-0.004793
4375	-0.004860
4376	-0.004892
4377	-0.004878
4378	-0.004812
4379	-0.004699
4380	-0.004549
4381	-0.004366
4382	-0.004148
4383	-0.003892
4384	-0.003602
4385	-0.003294
4386	-0.002990
4387	-0.002710
4388	-0.002457
4389	-0.002225
4390	-0.002014
4391	-0.001833
4392	-0.001696
4393	-0.001611
4394	-0.001574
4395	-0.001571
4396	-0.001595
4397	-0.001654
4398	-0.001759
4399	-0.001918
4400	-0.002131
4401	-0.002385
4402	-0.002672
4403	-0.002996
4404	-0.003369
4405	-0.003793
4406	-0.004261
4407	-0.004759
4408	-0.005279
4409	-0.005829
4410	-0.006427
4411	-0.007087
4412	-0.007807
4413	-0.008583
4414	-0.009412
4415	-0.010300
4416	-0.011257
4417	-0.012285
4418	-0.013379
4419	-0.014525
4420	-0.015710
4421	-0.016929
4422	-0.018180
4423	-0.019458
4424	-0.020756
4425	-0.022062
4426	-0.023364
4427	-0.024655
4428	-0.025934
4429	-0.027194
4430	-0.028427
4431	-0.029621
4432	-0.030764
4433	-0.031853
4434	-0.032883
4435	-0.033855
4436	-0.034766
4437	-0.035611
4438	-0.036383
4439	-0.037080
4440	-0.037709
4441	-0.038278
4442	-0.038792
4443	-0.039249
4444	-0.039645
4445	-0.039984
4446	-0.040277
4447	-0.040532
4448	-0.040744
4449	-0.040905
4450	-0.041004
4451	-0.041045
4452	-0.041034
4453	-0.040978
4454	-0.040869
4455	-0.040697
4456	-0.040453
4457	-0.040144
4458	-0.039781
4459	-0.039375
4460	-0.038923
4461	-0.038414
4462	-0.037828
4463	-0.037163
4464	-0.036426
4465	-0.035627
4466	-0.034763
4467	-0.033820
4468	-0.032782
4469	-0.031646
4470	-0.030424
4471	-0.029132
4472	-0.027775
4473	-0.026346
4474	-0.024839
4475	-0.023255
4476	-0.021605
4477	-0.019900
4478	-0.018152
4479	-0.016361
4480	-0.014526
4481	-0.012649
4482	-0.010743
4483	-0.008816
4484	-0.006877
4485	-0.004935
4486	-0.002993
4487	-0.001058
4488	0.000864
4489	0.002766
4490	0.004641
4491	0.006477
4492	0.008263
4493	0.009995
4494	0.011673
4495	0.013302
4496	0.014881
4497	0.016399
4498	0.017848
4499	0.019228
4500	0.020545
4501	0.021803
4502	0.023006
4503	0.024141
4504	0.025195
4505	0.026162
4506	0.027042
4507	0.027839
4508	0.028554
4509	0.029182
4510	0.029717
4511	0.030159
4512	0.030514
4513	0.030787
4514	0.030985
4515	0.031107
4516	0.031156
4517	0.031142
4518	0.031077
4519	0.030965
4520	0.030814
4521	0.030627
4522	0.030413
4523	0.030184
4524	0.029953
4525	0.029726
4526	0.029504
4527	0.029291
4528	0.029091
4529	0.028909
4530	0.028748
4531	0.028603
4532	0.028465
4533	0.028335
4534	0.028213
4535	0.028100
4536	0.027998
4537	0.027896
4538	0.027786
4539	0.027670
4540	0.027555
4541	0.027449
4542	0.027356
4543	0.027276
4544	0.027204
4545	0.027142
4546	0.027099
4547	0.027084
4548	0.027101
4549	0.027152
4550	0.027239
4551	0.027360
4552	0.027518
4553	0.027716
4554	0.027950
4555	0.028221
4556	0.028526
4557	0.028855
4558	0.029201
4559	0.029556
4560	0.029907
4561	0.030250
4562	0.030585
4563	0.030910
4564	0.031221
4565	0.031517
4566	0.031804
4567	0.032089
4568	0.032385
4569	0.032699
4570	0.033030
4571	0.033372
4572	0.033726
4573	0.034099
4574	0.034496
4575	0.034916
4576	0.035351
4577	0.035788
4578	0.036222
4579	0.036661
4580	0.037109
4581	0.037569
4582	0.038033
4583	0.038490
4584	0.038932
4585	0.039355
4586	0.039755
4587	0.040133
4588	0.040484
4589	0.040803
4590	0.041086
4591	0.041330
4592	0.041537
4593	0.041712
4594	0.041861
4595	0.041988
4596	0.042096
4597	0.042187
4598	0.042260
4599	0.042312
4600	0.042344
4601	0.042356
4602	0.042346
4603	0.042310
4604	0.042238
4605	0.042127
4606	0.041979
4607	0.041799
4608	0.041590
4609	0.041348
4610	0.041069
4611	0.040752
4612	0.040409
4613	0.040054
4614	0.039696
4615	0.039332
4616	0.038957
4617	0.038572
4618	0.038181
4619	0.037797
4620	0.037427
4621	0.037066
4622	0.036708
4623	0.036347
4624	0.035986
4625	0.035629
4626	0.035282
4627	0.034942
4628	0.034606
4629	0.034272
4630	0.033942
4631	0.033621
4632	0.033309
4633	0.033006
4634	0.032706
4635	0.032409
4636	0.032116
4637	0.031830
4638	0.031556
4639	0.031290
4640	0.031031
4641	0.030775
4642	0.030525
4643	0.030278
4644	0.030035
4645	0.029793
4646	0.029543
4647	0.029280
4648	0.029001
4649	0.028701
4650	0.028382
4651	0.028048
4652	0.027700
4653	0.027339
4654	0.026965
4655	0.026582
4656	0.026194
4657	0.025810
4658	0.025429
4659	0.025052
4660	0.024678
4661	0.024306
4662	0.023941
4663	0.023586
4664	0.023237
4665	0.022883
4666	0.022513
4667	0.022117
4668	0.021691
4669	0.021235
4670	0.020745
4671	0.020208
4672	0.019614
4673	0.018966
4674	0.018274
4675	0.017561
4676	0.016843
4677	0.016126
4678	0.015416
4679	0.014723
4680	0.014063
4681	0.013452
4682	0.012900
4683	0.012405
4684	0.011964
4685	0.011579
4686	0.011251
4687	0.010984
4688	0.010771
4689	0.010599
4690	0.010458
4691	0.010334
4692	0.010226
4693	0.010125
4694	0.010016
4695	0.009880
4696	0.009705
4697	0.009489
4698	0.009241
4699	0.008974
4700	0.008697
4701	0.008407
4702	0.008114
4703	0.007830
4704	0.007573
4705	0.007361
4706	0.007201
4707	0.007087
4708	0.007013
4709	0.006980
4710	0.006991
4711	0.007051
4712	0.007160
4713	0.007304
4714	0.007472
4715	0.007655
4716	0.007853
4717	0.008066
4718	0.008294
4719	0.008520
4720	0.008720
4721	0.008881
4722	0.008998
4723	0.009071
4724	0.009103
4725	0.009087
4726	0.009011
4727	0.008865
4728	0.008650
4729	0.008369
4730	0.008033
4731	0.007648
4732	0.007210
4733	0.006714
4734	0.006160
4735	0.005546
4736	0.004883
4737	0.004176
4738	0.003423
4739	0.002624
4740	0.001782
4741	0.000901
4742	-0.000010
4743	-0.000944
4744	-0.001894
4745	-0.002858
4746	-0.003831
4747	-0.004813
4748	-0.005805
4749	-0.006809
4750	-0.007833
4751	-0.008889
4752	-0.009987
4753	-0.011141
4754	-0.012358
4755	-0.013644
4756	-0.015006
4757	-0.016452
4758	-0.017984
4759	-0.019599
4760	-0.021298
4761	-0.023078
4762	-0.024937
4763	-0.026874
4764	-0.028879
4765	-0.030942
4766	-0.033053
4767	-0.035202
4768	-0.037375
4769	-0.039557
4770	-0.041729
4771	-0.043873
4772	-0.045972
4773	-0.048014
4774	-0.049988
4775	-0.051887
4776	-0.053708
4777	-0.055449
4778	-0.057116
4779	-0.058714
4780	-0.060248
4781	-0.061721
4782	-0.063138
4783	-0.064509
4784	-0.065845
4785	-0.067147
4786	-0.068405
4787	-0.069604
4788	-0.070740
4789	-0.071819
4790	-0.072848
4791	-0.073825
4792	-0.074737
4793	-0.075569
4794	-0.076319
4795	-0.076988
4796	-0.077585
4797	-0.078108
4798	-0.078540
4799	-0.078859
4800	-0.079054
4801	-0.079130
4802	-0.079096
4803	-0.078956
4804	-0.078704
4805	-0.078326
4806	-0.077833
4807	-0.077245
4808	-0.076584
4809	-0.075861
4810	-0.075076
4811	-0.074222
4812	-0.073304
4813	-0.072337
4814	-0.071340
4815	-0.070325
4816	-0.069297
4817	-0.068255
4818	-0.067202
4819	-0.066152
4820	-0.065122
4821	-0.064123
4822	-0.063155
4823	-0.062212
4824	-0.061293
4825	-0.060396
4826	-0.059526
4827	-0.058683
4828	-0.057866
4829	-0.057074
4830	-0.056312
4831	-0.055584
4832	-0.054894
4833	-0.054248
4834	-0.053649
4835	-0.053100
4836	-0.052599
4837	-0.052141
4838	-0.051722
4839	-0.051339
4840	-0.050987
4841	-0.050659
4842	-0.050349
4843	-0.050044
4844	-0.049739
4845	-0.049431
4846	-0.049123
4847	-0.048814
4848	-0.048500
4849	-0.048177
4850	-0.047846
4851	-0.047513
4852	-0.047191
4853	-0.046890
4854	-0.046610
4855	-0.046355
4856	-0.046130
4857	-0.045945
4858	-0.045809
4859	-0.045721
4860	-0.045677
4861	-0.045675
4862	-0.045716
4863	-0.045803
4864	-0.045930
4865	-0.046086
4866	-0.046256
4867	-0.046436
4868	-0.046618
4869	-0.046798
4870	-0.046967
4871	-0.047106
4872	-0.047197
4873	-0.047235
4874	-0.047218
4875	-0.047152
4876	-0.047032
4877	-0.046848
4878	-0.046597
4879	-0.046280
4880	-0.045912
4881	-0.045497
4882	-0.045026
4883	-0.044490
4884	-0.043884
4885	-0.043208
4886	-0.042473
4887	-0.041683
4888	-0.040837
4889	-0.039926
4890	-0.038946
4891	-0.037905
4892	-0.036813
4893	-0.035683
4894	-0.034519
4895	-0.033318
4896	-0.032073
4897	-0.030785
4898	-0.029465
4899	-0.028119
4900	-0.026749
4901	-0.025352
4902	-0.023924
4903	-0.022461
4904	-0.020970
4905	-0.019454
4906	-0.017916
4907	-0.016354
4908	-0.014767
4909	-0.013157
4910	-0.011530
4911	-0.009895
4912	-0.008258
4913	-0.006621
4914	-0.004991
4915	-0.003375
4916	-0.001783
4917	-0.000225
4918	0.001291
4919	0.002755
4920	0.004160
4921	0.005497
4922	0.006759
4923	0.007944
4924	0.009050
4925	0.010077
4926	0.011025
4927	0.011893
4928	0.012680
4929	0.013391
4930	0.014032
4931	0.014611
4932	0.015130
4933	0.015588
4934	0.015981
4935	0.016308
4936	0.016571
4937	0.016772
4938	0.016907
4939	0.016964
4940	0.016923
4941	0.016767
4942	0.016481
4943	0.016055
4944	0.015478
4945	0.014731
4946	0.013785
4947	0.012613
4948	0.011198
4949	0.009540
4950	0.007637
4951	0.005481
4952	0.003052
4953	0.000328
4954	-0.002704
4955	-0.006041
4956	-0.009674
4957	-0.013608
4958	-0.017861
4959	-0.022458
4960	-0.027417
4961	-0.032743
4962	-0.038431
4963	-0.044491
4964	-0.050945
4965	-0.057823
4966	-0.065148
4967	-0.072918
4968	-0.081119
4969	-0.089740
4970	-0.098785
4971	-0.108268
4972	-0.118188
4973	-0.128523
4974	-0.139232
4975	-0.150285
4976	-0.161672
4977	-0.173393
4978	-0.185441
4979	-0.197794
4980	-0.210416
4981	-0.223276
4982	-0.236365
4983	-0.249678
4984	-0.263210
4985	-0.276943
4986	-0.290855
4987	-0.304928
4988	-0.319159
4989	-0.333547
4990	-0.348095
4991	-0.362802
4992	-0.377646
4993	-0.392612
4994	-0.407696
4995	-0.422890
4996	-0.438190
4997	-0.453579
4998	-0.469027
4999	-0.484506
5000	-0.500000

 ***X***X***X x ends here

 *** resvec (iter,resvec[i]) follows ***X***X
1	49.747253
2	11.000274
3	4.908417
4	3.025230
5	2.094177
6	1.142624
7	7.796071
8	2.120420
9	3.984404
10	1.001939
11	1.804515
12	5.238786
13	1.088472
14	1.174459
15	0.507719
16	0.326357
17	0.288023
18	0.280170
19	0.464634
20	0.592021
21	1.273662
22	0.125156
23	0.144074
24	0.185559
25	0.088948
26	0.092893
27	0.108771
28	0.102106
29	0.088233
30	0.064785
31	0.079190
32	0.078070
33	0.216488
34	0.106636
35	0.047623
36	0.076988
37	1.137008
38	0.037979
39	0.036028
40	0.014615
41	0.013723
42	0.013707
43	0.013512
44	0.013557
45	0.013565
46	0.012023
47	0.012096
48	0.027527
49	0.024650
50	0.010352
51	0.013145
52	0.016530
53	0.015663
54	0.013825
55	0.024460
56	0.018098
57	0.075286
58	0.020304
59	0.140112
60	0.106347
61	0.016555
62	0.016342
63	0.028114
64	0.008665
65	0.016762
66	0.005180
67	0.005180
68	0.005197
69	0.009323
70	0.042435
71	0.004571
72	0.004629
73	0.004907
74	0.005038

 *** end of resvec (iter,resvec[i]) 
 --------------------------------------------------------- 

 debuglevel         :  0  (0 is normal mode for measurement)
 N         :  5000 
 s         :  4 
 used tolrance: norm < 0.000100 
 used rel. tolrance:  0.004975 
 used iterations:  74 
 maxit          :  500000 
 runtime time(): 0 seconds 