
 Build configuration host Complier: sizeof(t_ve) = 4 

 Build configuration libidrs: sizeof(t_ve) = 4 

 manual IDRS driver, running Matrix size 300 

  tolerance 0.000010 

 *** unimplemented *** 
  Matrixsize 300 too big for dump
 this is debugmode 0 
  Number of multiprocessors:                     30
  Number of multiprocessors:                     30
  Number of multiprocessors:                     30
  Number of multiprocessors:                     30

 using N = 300 (full vector size )
 using 12820 bytes in Host   memory
 using 24116 bytes in Device memory  Number of multiprocessors:                     30
  Number of multiprocessors:                     30
  Number of multiprocessors:                     30
  Number of multiprocessors:                     30

 additional using 149888 bytes in Device memory
 --------------------------------------------------------- 

 ---------------         Result           ---------------- 

 --------------------------------------------------------- 


 ***X***X (m,x[n]) follows ***X***X
1	0.500000
2	0.493818
3	0.487647
4	0.481460
5	0.475305
6	0.469070
7	0.462881
8	0.456703
9	0.450501
10	0.444376
11	0.438214
12	0.432183
13	0.425926
14	0.419786
15	0.413515
16	0.407277
17	0.401344
18	0.395003
19	0.388939
20	0.382852
21	0.376617
22	0.370177
23	0.363848
24	0.357298
25	0.350887
26	0.344215
27	0.337266
28	0.330445
29	0.323428
30	0.316633
31	0.310346
32	0.304263
33	0.298880
34	0.292905
35	0.287214
36	0.281315
37	0.275655
38	0.270002
39	0.264724
40	0.259113
41	0.253629
42	0.248503
43	0.243553
44	0.238289
45	0.232866
46	0.227623
47	0.222653
48	0.217590
49	0.212923
50	0.208310
51	0.204230
52	0.200237
53	0.196251
54	0.192066
55	0.188136
56	0.183682
57	0.179219
58	0.173889
59	0.168678
60	0.163432
61	0.158145
62	0.153072
63	0.147230
64	0.141540
65	0.135790
66	0.129874
67	0.123898
68	0.118280
69	0.112014
70	0.106019
71	0.100425
72	0.095194
73	0.090219
74	0.085007
75	0.079532
76	0.073816
77	0.068510
78	0.063828
79	0.059080
80	0.054171
81	0.049952
82	0.045028
83	0.039032
84	0.031747
85	0.024385
86	0.017238
87	0.010303
88	0.004676
89	-0.000783
90	-0.005591
91	-0.010408
92	-0.014907
93	-0.019414
94	-0.024005
95	-0.029013
96	-0.033738
97	-0.038596
98	-0.042295
99	-0.046158
100	-0.050367
101	-0.053778
102	-0.057377
103	-0.060763
104	-0.064116
105	-0.066994
106	-0.070788
107	-0.074799
108	-0.078155
109	-0.082159
110	-0.085248
111	-0.088153
112	-0.090555
113	-0.092390
114	-0.094707
115	-0.097492
116	-0.099937
117	-0.102453
118	-0.105023
119	-0.107162
120	-0.109544
121	-0.111661
122	-0.114298
123	-0.115926
124	-0.118203
125	-0.120551
126	-0.123062
127	-0.125899
128	-0.129018
129	-0.131879
130	-0.134664
131	-0.137021
132	-0.139438
133	-0.142123
134	-0.144808
135	-0.147501
136	-0.150282
137	-0.153350
138	-0.156221
139	-0.159037
140	-0.162035
141	-0.164997
142	-0.167908
143	-0.170756
144	-0.173654
145	-0.176456
146	-0.179300
147	-0.181944
148	-0.184741
149	-0.187581
150	-0.190393
151	-0.193201
152	-0.195996
153	-0.198804
154	-0.201610
155	-0.204379
156	-0.207122
157	-0.209932
158	-0.212693
159	-0.215556
160	-0.218330
161	-0.220993
162	-0.223633
163	-0.226332
164	-0.229162
165	-0.232046
166	-0.234776
167	-0.237493
168	-0.240312
169	-0.243422
170	-0.246277
171	-0.249110
172	-0.252056
173	-0.255075
174	-0.257729
175	-0.260441
176	-0.262781
177	-0.265084
178	-0.267836
179	-0.270038
180	-0.272201
181	-0.274310
182	-0.276185
183	-0.277591
184	-0.279937
185	-0.281873
186	-0.283516
187	-0.285036
188	-0.286801
189	-0.288407
190	-0.289890
191	-0.291618
192	-0.293814
193	-0.296235
194	-0.299297
195	-0.301636
196	-0.304647
197	-0.307623
198	-0.310500
199	-0.313588
200	-0.315962
201	-0.319164
202	-0.322080
203	-0.324125
204	-0.325487
205	-0.327076
206	-0.328420
207	-0.329948
208	-0.331249
209	-0.333596
210	-0.336691
211	-0.339529
212	-0.342558
213	-0.345457
214	-0.349158
215	-0.352977
216	-0.356023
217	-0.359343
218	-0.362098
219	-0.365084
220	-0.368259
221	-0.370970
222	-0.374290
223	-0.376733
224	-0.379100
225	-0.381712
226	-0.384141
227	-0.387164
228	-0.390784
229	-0.393691
230	-0.396928
231	-0.400056
232	-0.403342
233	-0.405634
234	-0.407825
235	-0.410289
236	-0.412904
237	-0.415273
238	-0.417020
239	-0.419597
240	-0.422185
241	-0.424678
242	-0.426768
243	-0.428913
244	-0.431012
245	-0.433430
246	-0.435913
247	-0.438362
248	-0.440948
249	-0.443345
250	-0.445414
251	-0.448072
252	-0.450015
253	-0.452082
254	-0.454186
255	-0.456318
256	-0.457992
257	-0.459590
258	-0.461183
259	-0.463125
260	-0.464771
261	-0.466942
262	-0.468973
263	-0.470885
264	-0.472649
265	-0.474144
266	-0.476069
267	-0.477768
268	-0.479548
269	-0.480854
270	-0.482219
271	-0.483308
272	-0.484556
273	-0.485974
274	-0.486650
275	-0.487617
276	-0.488439
277	-0.489261
278	-0.489997
279	-0.490485
280	-0.490989
281	-0.491482
282	-0.491977
283	-0.492707
284	-0.493177
285	-0.493638
286	-0.494196
287	-0.494778
288	-0.495281
289	-0.495640
290	-0.496007
291	-0.496430
292	-0.496866
293	-0.497235
294	-0.497609
295	-0.497998
296	-0.498412
297	-0.498822
298	-0.499210
299	-0.499614
300	-0.500000

 ***X***X***X x ends here

 *** resvec (iter,resvec[i]) follows ***X***X
1	12.896756
2	2.717884
3	1.182758
4	0.730066
5	0.511988
6	0.358360
7	0.843635
8	0.349579
9	0.613466
10	0.328957
11	0.505931
12	0.596786
13	0.181232
14	0.178295
15	1.189665
16	0.248998
17	0.258357
18	0.665179
19	0.251978
20	0.170008
21	0.114425
22	0.074047
23	0.040757
24	0.039756
25	0.032690
26	0.029825
27	0.029797
28	0.029797
29	0.029708
30	0.029974
31	0.035961
32	0.035532
33	0.030854
34	0.031245
35	0.114702
36	0.030454
37	0.027869
38	0.049263
39	0.059289
40	0.038865
41	0.007675
42	0.009000
43	0.009059
44	0.009714
45	0.022797
46	0.009447
47	0.032543
48	0.016771
49	0.006656
50	0.007061
51	0.007002
52	0.007039
53	0.007274
54	0.006886
55	0.006736
56	0.006818
57	0.007451
58	0.009971
59	0.006302
60	0.006383
61	0.016894
62	0.006316
63	0.006746
64	0.007922
65	0.008255
66	0.007363
67	0.016623
68	0.019261
69	0.031536
70	0.004669
71	0.008675
72	0.011902
73	3.322976
74	0.008529
75	0.009132
76	0.005065
77	0.004830
78	0.005158
79	0.003525
80	0.003430
81	0.003139
82	0.003274
83	0.013826
84	0.003526
85	0.006669
86	0.002526
87	0.002553
88	0.002638
89	0.002573
90	0.002910
91	0.003132
92	0.025156
93	0.005376
94	0.009144
95	0.005699
96	0.002459
97	0.002544
98	0.002657
99	0.008110
100	0.007542
101	0.002116
102	0.003625
103	0.006378
104	0.003166
105	0.003453
106	0.001986
107	0.003008
108	0.001903
109	0.001918
110	0.001955
111	0.001906
112	0.001907
113	0.001908
114	0.001968
115	0.001486
116	0.003965
117	0.002620
118	0.002120
119	0.002160
120	0.002330
121	0.002816
122	0.002736
123	0.004191
124	0.002270
125	0.002380
126	0.001936
127	0.001600
128	0.001399
129	0.001376
130	0.002171
131	0.002015
132	0.001982
133	0.002330
134	0.002174
135	0.018013
136	0.002930
137	0.002683
138	0.002086
139	0.001488
140	0.005999
141	0.004525
142	0.002633
143	0.002576
144	0.002382
145	0.002331
146	0.001740
147	0.001822
148	0.001702
149	0.002097
150	0.002534
151	0.002318
152	0.002430
153	0.002341
154	0.004452
155	0.006118
156	0.001383
157	0.001367
158	0.001407
159	0.001524
160	0.001671
161	0.006273
162	0.002493
163	0.001251
164	0.001256
165	0.001646
166	0.001378
167	0.001459
168	0.001496
169	0.001500
170	0.001471
171	0.001583
172	0.001645
173	0.001545
174	0.001565
175	0.001680
176	0.001526
177	0.001531
178	0.001526
179	0.001754
180	0.001916
181	0.004955
182	0.004618
183	0.001707
184	0.002491
185	0.003666
186	0.002331
187	0.002333
188	0.002228
189	0.001502
190	0.001264
191	0.022818
192	0.006858
193	0.011118
194	0.001954
195	0.005901
196	0.005424
197	0.006237
198	0.007398
199	0.012015
200	0.006559
201	0.001000
202	0.000745
203	0.001108
204	0.000848
205	0.000952
206	0.000880
207	0.000896
208	0.000987
209	0.000985
210	0.001133
211	0.002450
212	0.000905
213	0.018653
214	0.000942
215	0.000818
216	0.001063
217	0.000740
218	0.000705
219	0.000770
220	0.000801
221	0.000887
222	0.000917
223	0.001206
224	0.001218
225	0.000589
226	0.000600
227	0.000684
228	0.000573
229	0.001247
230	0.000630
231	0.001141
232	0.001207
233	0.001030
234	0.001440
235	0.005236
236	0.000482
237	0.000681
238	0.000693
239	0.000654
240	0.000693
241	0.000419
242	0.000406
243	0.000404
244	0.000414
245	0.000484
246	0.000437
247	0.000442
248	0.000459
249	0.000474
250	0.000424
251	0.000501
252	0.000598
253	0.000728
254	0.001609
255	0.000325
256	0.003516
257	0.000483
258	0.000483
259	0.000577
260	0.000581
261	0.000432
262	0.000272
263	0.000315
264	0.000292
265	0.000320
266	0.000281
267	0.001185
268	0.000269
269	0.000374
270	0.000241
271	0.000389
272	0.000556
273	0.000690
274	0.000288
275	0.000225
276	0.000747
277	0.000412
278	0.000398
279	0.000447
280	0.000286
281	0.000445
282	0.000597
283	0.000477
284	0.000491
285	0.000549
286	0.000555
287	0.001099
288	0.001135
289	0.000420
290	0.012628
291	0.000642
292	0.000240
293	0.000253
294	0.000200
295	0.000213
296	0.001473
297	0.000993
298	0.002196
299	0.002116
300	0.000701
301	0.000237
302	0.001267
303	0.000849
304	0.000932
305	0.000696
306	0.000850
307	0.000841
308	0.000850
309	0.000848
310	0.000705
311	0.000802
312	0.000971
313	0.001135
314	0.005679
315	0.003362
316	0.001681
317	0.000433
318	0.000785
319	0.000408
320	0.000902
321	0.001269
322	0.001238
323	0.001285
324	0.006935
325	0.001595
326	0.001761
327	0.002112
328	0.002461
329	0.000940
330	0.000947
331	0.000314
332	0.000289
333	0.000274
334	0.000296
335	0.000346
336	0.000734
337	0.000463
338	0.000573
339	0.000453
340	0.001008
341	0.000416
342	0.000415
343	0.000426
344	0.000438
345	0.011328
346	0.000362
347	0.000379
348	0.000261
349	0.000296
350	0.000349
351	0.000274
352	0.000426
353	0.000388
354	0.000716
355	0.000968
356	0.000813
357	0.002243
358	0.001563
359	0.015985
360	0.000795
361	0.000749
362	0.000802
363	0.001571
364	0.000781
365	0.000882
366	0.000577
367	0.000591
368	0.001669
369	0.000901
370	0.000667
371	0.000632
372	0.000640
373	0.000701
374	0.000692
375	0.000675
376	0.000875
377	0.000967
378	0.000766
379	0.005861
380	0.001934
381	0.000736
382	0.000684
383	0.000616
384	0.000743
385	0.000662
386	0.000559
387	0.000816
388	0.000820
389	0.000811
390	0.000862
391	0.000627
392	0.000613
393	0.000599
394	0.000443
395	0.000795
396	0.000684
397	0.006841
398	0.000754
399	0.000968
400	0.000971
401	0.000616
402	0.000684
403	0.000635
404	0.000697
405	0.000679
406	0.000877
407	0.000560
408	0.001483
409	0.001097
410	0.001506
411	0.003026
412	0.006424
413	0.001589
414	0.002080
415	0.001931
416	0.005552
417	0.007162
418	0.001173
419	0.001312
420	0.001808
421	0.001504
422	0.001467
423	0.001253
424	0.001332
425	0.001597
426	0.001315
427	0.001327
428	0.001354
429	0.001581
430	0.005768
431	0.001043
432	0.001454
433	0.001457
434	0.001689
435	0.002838
436	0.003481
437	0.002423
438	0.005743
439	0.003795
440	0.002059
441	0.001822
442	0.001679
443	0.001699
444	0.001733
445	0.001711
446	0.001691
447	0.001703
448	0.001686
449	0.001691
450	0.001695
451	0.001679
452	0.001804
453	0.001748
454	0.001713
455	0.002309
456	0.001679
457	0.001670
458	0.001662
459	0.001672
460	0.001658
461	0.001590
462	0.001587
463	0.001536
464	0.001727
465	0.001426
466	0.002539
467	0.001642
468	0.001558
469	0.001535
470	0.001591
471	0.001593
472	0.001947
473	0.001672
474	0.001780
475	0.002484
476	0.001591
477	0.001592
478	0.001591
479	0.001591
480	0.001732
481	0.001550
482	0.001582
483	0.001669
484	0.001590
485	0.001593
486	0.001550
487	0.001566
488	0.001545
489	0.001653
490	0.001777
491	0.001604
492	0.001581
493	0.000953
494	0.001513
495	0.001545
496	0.001562
497	0.001606
498	0.001569
499	0.001600
500	0.001634
501	0.001634
502	0.001635
503	0.001634
504	0.001634
505	0.001634
506	0.001650
507	0.001647
508	0.001343
509	0.001659
510	0.001773
511	0.001677
512	0.001677
513	0.003599
514	0.001675
515	0.001650
516	0.001673
517	0.001660
518	0.001660
519	0.001642
520	0.001639
521	0.001592
522	0.001677
523	0.001619
524	0.001621
525	0.001624
526	0.001642
527	0.001634
528	0.001647
529	0.001649
530	0.002803
531	0.001657
532	0.001660
533	0.001654
534	0.001657
535	0.006163
536	0.001644
537	0.001571
538	0.001597
539	0.001487
540	0.001555
541	0.001632
542	0.001594
543	0.001604
544	0.001604
545	0.001567
546	0.001644
547	0.001898
548	0.001813
549	0.001446
550	0.001526
551	0.003980
552	0.002261
553	0.001871
554	0.001937
555	0.001956
556	0.001933
557	0.001939
558	0.001939
559	0.001939
560	0.001940
561	0.002011
562	0.002008
563	0.001937
564	0.002024
565	0.002128
566	0.002446
567	0.002244
568	0.002154
569	0.002158
570	0.001698
571	0.002885
572	0.014376
573	0.002461
574	0.002473
575	0.002585
576	0.002487
577	0.002181
578	0.003279
579	0.002932
580	0.004171
581	0.003332
582	0.003261
583	0.007629
584	0.001924
585	0.000497
586	0.000801
587	0.001572
588	0.001025
589	0.003646
590	0.009480
591	0.004362
592	0.028074
593	0.004236
594	0.001517
595	0.000632
596	0.000466
597	0.000819
598	0.000744
599	0.000406
600	0.000398
601	0.000548
602	0.000538
603	0.000539
604	0.000584
605	0.000607
606	0.001780
607	0.001291
608	0.000421
609	0.001265
610	0.000547
611	0.000562
612	0.000561
613	0.000579
614	0.000541
615	0.000540
616	0.000501
617	0.000484
618	0.000485
619	0.000714
620	0.000536
621	0.000551
622	0.000499
623	0.000537
624	0.000743
625	0.000517
626	0.000794
627	0.000895
628	0.000821
629	0.001867
630	0.003357
631	0.003439
632	0.003526
633	0.004000
634	0.004110
635	0.003834
636	0.000899
637	0.000826
638	0.001031
639	0.001501
640	0.008325
641	0.002492
642	0.000692
643	0.001496
644	0.005926
645	0.005292
646	0.003032
647	0.001840
648	0.002209
649	0.002874
650	0.015039
651	0.162963
652	0.016549
653	0.022522
654	0.000624
655	0.002078
656	0.002864
657	0.000587
658	0.001047
659	0.001073
660	0.002195
661	0.003455
662	0.003369
663	0.001760
664	0.003297
665	0.003289
666	0.002551
667	0.037043
668	0.000771
669	0.002558
670	0.002621
671	0.003119
672	0.003102
673	0.003480
674	0.002910
675	0.002187
676	0.003536
677	0.003288
678	0.003192
679	0.002463
680	0.002441
681	0.003010
682	0.003022
683	0.002328
684	0.002612
685	0.002940
686	0.002600
687	0.002434
688	0.002185
689	0.001337
690	0.003179
691	0.005542
692	0.003623
693	0.002554
694	0.016452
695	0.003754
696	0.001033
697	0.000926
698	0.000860
699	0.006246
700	0.001910
701	0.001270
702	0.001240
703	0.001308
704	0.001512
705	0.001953
706	0.001920
707	0.002067
708	0.001913
709	0.001988
710	0.001817
711	0.001425
712	0.001964
713	0.005319
714	0.065453
715	0.005776
716	0.005237
717	0.003570
718	0.011228
719	0.003941
720	0.001275
721	0.006710
722	0.002931
723	0.007076
724	0.003356
725	0.003358
726	0.004549
727	0.004287
728	0.004450
729	0.003637
730	0.003090
731	0.001359
732	0.001336
733	0.001064
734	0.001186
735	0.001616
736	0.001657
737	0.000973
738	0.002107
739	0.001159
740	0.001795
741	0.000950
742	0.000639
743	0.003471
744	0.009353
745	0.005879
746	0.007735
747	0.028023
748	0.026579
749	0.017416
750	0.003654
751	0.001778
752	0.003803
753	0.003143
754	0.008020
755	0.002716
756	0.002145
757	0.002222
758	0.003020
759	0.044244
760	0.002832
761	0.002404
762	0.002410
763	0.002397
764	0.002399
765	0.002393
766	0.002375
767	0.002419
768	0.002387
769	0.002388
770	0.002358
771	0.002214
772	0.002181
773	0.002184
774	0.002192
775	0.002150
776	0.002259
777	0.002218
778	0.002555
779	0.002491
780	0.002326
781	0.005381
782	0.022311
783	0.002257
784	0.008145
785	0.004906
786	0.006326
787	0.006196
788	0.012605
789	0.002804
790	0.052379
791	0.017654
792	0.019910
793	0.007820
794	0.016834
795	0.009186
796	0.002306
797	0.002269
798	0.002512
799	0.003135
800	0.004451
801	0.004259
802	0.002996
803	0.001580
804	0.004285
805	0.085388
806	0.001790
807	0.006359
808	0.004757
809	0.001307
810	0.004912
811	0.002456
812	0.012506
813	0.118304
814	0.086631
815	0.003332
816	0.012930
817	0.009156
818	0.299865
819	0.005956
820	0.007153
821	0.008085
822	0.015403
823	0.015694
824	0.015182
825	0.002481
826	0.025810
827	0.032686
828	0.032544
829	0.025977
830	0.081235
831	0.103927
832	0.021846
833	0.015712
834	0.008636
835	0.053548
836	0.032774
837	0.035506
838	0.035807
839	1.378539
840	0.012821
841	0.004671
842	0.002167
843	0.000505
844	0.000610
845	0.006393
846	0.003071
847	0.005857
848	0.012667
849	0.041158
850	0.941491
851	0.009728
852	0.013254
853	0.014670
854	0.011461
855	0.041897
856	0.000881
857	0.000519
858	0.001554
859	0.004276
860	0.014301
861	0.002844
862	0.003710
863	0.002121
864	0.002303
865	0.001511
866	0.001760
867	0.000673
868	0.513122
869	0.000701
870	0.001666
871	0.000477
872	0.000940
873	0.005903
874	0.002199
875	0.000793
876	0.003363
877	0.002076
878	0.003215
879	0.000558
880	0.001458
881	0.008627
882	0.008780
883	0.006865
884	0.008579
885	0.007994
886	0.004860
887	0.475035
888	0.008946
889	0.004076
890	0.006262
891	0.006144
892	0.006511
893	0.462856
894	0.010632
895	0.003921
896	0.009997
897	0.026636
898	0.160471
899	0.026441
900	1.061092
901	0.010826
902	0.063186
903	0.003098
904	0.002104
905	0.014454
906	0.013049
907	0.011285
908	0.015378
909	0.222402
910	0.016216
911	0.010379
912	0.010369
913	0.009969
914	0.011329
915	0.010092
916	0.009849
917	0.008736
918	0.006431
919	0.004892
920	0.000709
921	0.000595
922	0.001847
923	0.006564
924	0.001675
925	0.003168
926	0.004766
927	0.005035
928	0.004345
929	0.004320
930	0.003323
931	0.006655
932	0.005937
933	0.005489
934	0.010399
935	0.073422
936	0.005452
937	0.005096
938	0.002985
939	0.019998
940	0.049340
941	0.001998
942	0.001411
943	0.002399
944	0.001461
945	0.002180
946	0.004451
947	0.002905
948	0.021804
949	0.169105
950	0.014184
951	0.051895
952	0.012349
953	0.003734
954	0.020787
955	0.019122
956	0.008466
957	0.008621
958	0.008750
959	0.008468
960	0.003140
961	0.002145
962	0.002097
963	0.002806
964	0.003027
965	0.003550
966	0.001671
967	0.001555
968	0.001389
969	0.000974
970	0.001262
971	0.012344
972	0.006799
973	0.009498
974	0.000525
975	0.001037
976	0.001227
977	0.001867
978	0.001611
979	0.000535
980	0.003102
981	0.000909
982	0.000676
983	0.001382
984	0.001285
985	0.002833
986	0.001636
987	0.000930
988	0.001085
989	0.001303
990	0.001004
991	0.001032
992	0.001023
993	0.001155
994	0.001009
995	0.000948
996	0.002126
997	0.002585
998	0.003600
999	0.001931
1000	0.001937
1001	0.011820
1002	0.003619
1003	0.003935
1004	0.013169
1005	0.004443
1006	0.009344
1007	0.008574
1008	0.012694
1009	0.018763
1010	0.018220
1011	0.011823
1012	0.014348
1013	0.014662
1014	0.019005
1015	0.013955
1016	0.004178
1017	0.004733
1018	0.006112
1019	0.006689
1020	0.008778
1021	0.423067
1022	0.001769
1023	0.002445
1024	0.001161
1025	0.024281
1026	0.003790
1027	0.016320
1028	0.003451
1029	0.004736
1030	0.015253
1031	0.028689
1032	0.047013
1033	0.009717
1034	0.032577
1035	0.013188
1036	0.000787
1037	0.003475
1038	0.026373
1039	0.021776
1040	0.024994
1041	0.017682
1042	0.021218
1043	0.020290
1044	0.019932
1045	0.024664
1046	0.024632
1047	0.020765
1048	0.015010
1049	0.011430
1050	0.020202
1051	0.020417
1052	0.026730
1053	0.021308
1054	0.029725
1055	0.021287
1056	0.008340
1057	0.008121
1058	0.008505
1059	0.008436
1060	0.008121
1061	0.008174
1062	0.008553
1063	0.009132
1064	0.008931
1065	0.009093
1066	0.006834
1067	0.004766
1068	0.005269
1069	0.002694
1070	0.002877
1071	0.005773
1072	0.001643
1073	0.003781
1074	0.002164
1075	0.001789
1076	0.001040
1077	0.001478
1078	0.002776
1079	0.002346
1080	0.003001
1081	0.002597
1082	0.002608
1083	0.002604
1084	0.002585
1085	0.002691
1086	0.000955
1087	0.003436
1088	0.002296
1089	0.007164
1090	0.001281
1091	0.010489
1092	0.002171
1093	0.000714
1094	0.006431
1095	0.002098
1096	0.003068
1097	0.038927
1098	0.040736
1099	0.027271
1100	0.021792
1101	0.012499
1102	0.032210
1103	0.034766
1104	0.041024
1105	0.077579
1106	0.000651
1107	0.000663
1108	0.000623
1109	0.000628
1110	0.000666
1111	0.000666
1112	0.000620
1113	0.000619
1114	0.000612
1115	0.000618
1116	0.001763
1117	0.001905
1118	0.001524
1119	0.001642
1120	0.002718
1121	0.002019
1122	0.003812
1123	0.002932
1124	0.002851
1125	0.002149
1126	0.000629
1127	0.001254
1128	0.013097
1129	0.009880
1130	0.001298
1131	0.001180
1132	0.001119
1133	0.001337
1134	0.006674
1135	0.001137
1136	0.002379
1137	0.002205
1138	0.001735
1139	0.000840
1140	0.002098
1141	0.002223
1142	0.002190
1143	0.002073
1144	0.003039
1145	0.002591
1146	0.002885
1147	0.000771
1148	0.002316
1149	0.003761
1150	0.003574
1151	0.002639
1152	0.001479
1153	0.001497
1154	0.001869
1155	0.002391
1156	0.008010
1157	0.050820
1158	0.005847
1159	0.002095
1160	0.002282
1161	0.000885
1162	0.001280
1163	0.000977
1164	0.005953
1165	0.012491
1166	0.005061
1167	0.006708
1168	0.006656
1169	0.004551
1170	0.007763
1171	0.007270
1172	0.015100
1173	0.009018
1174	0.009816
1175	0.020646
1176	0.017728
1177	0.017956
1178	0.013720
1179	0.018826
1180	0.020289
1181	0.017819
1182	0.013106
1183	0.009946
1184	0.009555
1185	0.009406
1186	0.009011
1187	0.009431
1188	0.009447
1189	0.009415
1190	0.009418
1191	0.009813
1192	0.003572
1193	0.007782
1194	0.006583
1195	0.004652
1196	0.004494
1197	0.004426
1198	0.004390
1199	0.004331
1200	0.006577
1201	0.006053
1202	0.006074
1203	0.006089
1204	0.006077
1205	0.006503
1206	0.010533
1207	0.007471
1208	0.007412
1209	0.009324
1210	0.221720
1211	0.031070
1212	0.178481
1213	0.045702
1214	0.013480
1215	0.009345
1216	0.008886
1217	0.008228
1218	0.006617
1219	0.008187
1220	0.012204
1221	0.000818
1222	0.000571
1223	0.001361
1224	0.000831
1225	0.001315
1226	0.003669
1227	0.003101
1228	0.014213
1229	0.003319
1230	0.001234
1231	0.002163
1232	0.001609
1233	0.016934
1234	8.469148
1235	0.058872
1236	0.001890
1237	0.001892
1238	0.001904
1239	0.001906
1240	0.001918
1241	0.002215
1242	0.002614
1243	0.001780
1244	0.001830
1245	0.001999
1246	0.003171
1247	0.004685
1248	0.003020
1249	0.002992
1250	0.005640
1251	0.005462
1252	0.005378
1253	0.005572
1254	0.005525
1255	0.005580
1256	0.005232
1257	0.002711
1258	0.022793
1259	0.001467
1260	0.001199
1261	0.004452
1262	0.003436
1263	0.004099
1264	0.012301
1265	0.001814
1266	0.002461
1267	0.002234
1268	0.002264
1269	0.002145
1270	0.003595
1271	0.004982
1272	0.001100
1273	0.002057
1274	0.002385
1275	0.002641
1276	0.005546
1277	0.003121
1278	0.009161
1279	0.004250
1280	0.001607
1281	0.002974
1282	0.006693
1283	0.001990
1284	0.001365
1285	0.003044
1286	0.008517
1287	0.013147
1288	0.002027
1289	0.004473
1290	0.003793
1291	0.003560
1292	0.003244
1293	0.003926
1294	0.004267
1295	0.003681
1296	0.005653
1297	0.005080
1298	0.000832
1299	0.004012
1300	0.005228
1301	0.000535
1302	0.004434
1303	0.003800
1304	0.004662
1305	0.004622
1306	0.003629
1307	0.003914
1308	0.003843
1309	0.002690
1310	0.000984
1311	0.002420
1312	0.006719
1313	0.007659
1314	0.005628
1315	0.078717
1316	0.002349
1317	0.001605
1318	0.001558
1319	0.160525
1320	0.013414
1321	0.001492
1322	0.002139
1323	0.000964
1324	0.000822
1325	0.001304
1326	0.006087
1327	0.003355
1328	0.003866
1329	0.000997
1330	0.001090
1331	0.001250
1332	0.001111
1333	0.002377
1334	0.001041
1335	0.003205
1336	0.005210
1337	0.007216
1338	0.004904
1339	0.037531
1340	0.105197
1341	0.006327
1342	0.004114
1343	0.001733
1344	0.000807
1345	0.004877
1346	0.001509
1347	0.003757
1348	0.003767
1349	0.000775
1350	0.001099
1351	0.001009
1352	0.001439
1353	0.003553
1354	0.016448
1355	0.023059
1356	0.000546
1357	0.000495
1358	0.000647
1359	0.007493
1360	0.002580
1361	0.000835
1362	0.001698
1363	0.007080
1364	0.021996
1365	0.021353
1366	0.008045
1367	0.010044
1368	0.010201
1369	0.026391
1370	0.026308
1371	0.003346
1372	0.006287
1373	0.006430
1374	0.016136
1375	0.016220
1376	0.027982
1377	0.058546
1378	0.061630
1379	0.141428
1380	0.168313
1381	0.186092
1382	0.143872
1383	0.109133
1384	0.180042
1385	0.527512
1386	0.050520
1387	0.050394
1388	0.044013
1389	0.048847
1390	0.046497
1391	0.052059
1392	0.054997
1393	0.065156
1394	0.040970
1395	0.123291
1396	0.011259
1397	0.362350
1398	0.050498
1399	0.155307
1400	0.006366
1401	0.001160
1402	0.006030
1403	0.066331
1404	0.035947
1405	0.086632
1406	0.015174
1407	0.004961
1408	0.004050
1409	0.004740
1410	0.012365
1411	0.011461
1412	0.011544
1413	0.011634
1414	0.005128
1415	0.007519
1416	0.002751
1417	0.003904
1418	0.003716
1419	0.001405
1420	0.001387
1421	0.001082
1422	0.001100
1423	0.001300
1424	0.001033
1425	0.001017
1426	0.000770
1427	0.002004
1428	0.001590
1429	0.000484
1430	0.004405
1431	0.000846
1432	0.000865
1433	0.000462
1434	0.000737
1435	0.000830
1436	0.001060
1437	0.000980
1438	0.000811
1439	0.000872
1440	0.000873
1441	0.000840
1442	0.000990
1443	0.001198
1444	0.000835
1445	0.003065
1446	0.001400
1447	0.004005
1448	0.008384
1449	0.002067
1450	0.013173
1451	0.015606
1452	0.000938
1453	0.002330
1454	0.038791
1455	0.008342
1456	0.001822
1457	0.004201
1458	0.004271
1459	0.004408
1460	0.004370
1461	0.004030
1462	0.004308
1463	0.004279
1464	0.014778
1465	0.003047
1466	0.004950
1467	0.004286
1468	0.003147
1469	0.022690
1470	0.000698
1471	0.006056
1472	0.000335
1473	0.000266
1474	0.011062
1475	0.003972
1476	0.001868
1477	0.001869
1478	0.001347
1479	0.010590
1480	0.001395
1481	0.000465
1482	0.000211
1483	0.003637
1484	0.001422
1485	0.001351
1486	0.015113
1487	0.001946
1488	0.000538
1489	0.000271
1490	0.001088
1491	0.000936
1492	0.001538
1493	0.001669
1494	0.007344
1495	0.005710
1496	0.006901
1497	0.002390
1498	0.034215
1499	0.008624
1500	0.010613
1501	0.008924
1502	0.004374
1503	0.026725
1504	0.020666
1505	0.011762
1506	0.014599
1507	0.014310
1508	0.016574
1509	0.018182
1510	0.011438
1511	0.012964
1512	0.012024
1513	0.011438
1514	0.009579
1515	0.008816
1516	0.005992
1517	0.006743
1518	0.007232
1519	0.130973
1520	0.008414
1521	0.000867
1522	0.005388
1523	0.001237
1524	0.011190
1525	0.000967
1526	0.002207
1527	0.002850
1528	0.003146
1529	0.002704
1530	0.002891
1531	0.003406
1532	0.003793
1533	0.013900
1534	0.002591
1535	0.002652
1536	0.002517
1537	0.000681
1538	0.000907
1539	0.011185
1540	0.004488
1541	0.005328
1542	0.002095
1543	0.003112
1544	0.015104
1545	0.004867
1546	0.006895
1547	0.001254
1548	0.001872
1549	0.000703
1550	0.009086
1551	0.053140
1552	0.032856
1553	0.060863
1554	0.001922
1555	0.006313
1556	0.000585
1557	0.001467
1558	0.001333
1559	0.002650
1560	0.003452
1561	0.005349
1562	0.005500
1563	0.003662
1564	0.004729
1565	0.005283
1566	0.002443
1567	0.002017
1568	0.001837
1569	0.000983
1570	0.001012
1571	0.059704
1572	0.007491
1573	0.160484
1574	0.000625
1575	0.001354
1576	0.000310
1577	0.000406
1578	0.000285
1579	0.000501
1580	0.000296
1581	0.000356
1582	0.000329
1583	0.000339
1584	0.000420
1585	0.000339
1586	0.198398
1587	0.003279
1588	0.010391
1589	0.004583
1590	0.000827
1591	0.006453
1592	0.006545
1593	0.008181
1594	0.008118
1595	0.009724
1596	0.009670
1597	0.007682
1598	0.002563
1599	0.009982
1600	0.000865
1601	0.004710
1602	0.002180
1603	0.005186
1604	0.018580
1605	0.000598
1606	0.000615
1607	0.000528
1608	0.002631
1609	0.002924
1610	0.002241
1611	0.009202
1612	0.057566
1613	0.026241
1614	0.004056
1615	0.005666
1616	0.008242
1617	0.005132
1618	0.003570
1619	0.008396
1620	0.010241
1621	0.009966
1622	0.004484
1623	0.004322
1624	0.007084
1625	0.007902
1626	0.021248
1627	0.010472
1628	0.008107
1629	0.012296
1630	0.011673
1631	0.004942
1632	0.002559
1633	0.015092
1634	0.054560
1635	0.014368
1636	0.017539
1637	0.022311
1638	0.022290
1639	0.044447
1640	0.007185
1641	0.004876
1642	0.005593
1643	0.006736
1644	0.014268
1645	0.004806
1646	0.001093
1647	0.005787
1648	0.005113
1649	0.036262
1650	0.034457
1651	0.002154
1652	0.020778
1653	0.041572
1654	0.018617
1655	0.057673
1656	0.018555
1657	0.037954
1658	0.000778
1659	0.002420
1660	0.008548
1661	0.001215
1662	0.005408
1663	0.014464
1664	0.011393
1665	0.033399
1666	0.036155
1667	0.036014
1668	0.036396
1669	0.030176
1670	0.034227
1671	0.010283
1672	0.011914
1673	0.012099
1674	0.011899
1675	0.018031
1676	0.003119
1677	0.002933
1678	0.003373
1679	0.023816
1680	0.032463
1681	0.008338
1682	0.014618
1683	0.005648
1684	0.027705
1685	0.005237
1686	0.009221
1687	0.115398
1688	0.024905
1689	0.123313
1690	0.094918
1691	0.002092
1692	0.002102
1693	0.002126
1694	0.002284
1695	0.017117
1696	0.005071
1697	0.004756
1698	0.001767
1699	0.001760
1700	0.004824
1701	0.008381
1702	0.007921
1703	0.026593
1704	0.010149
1705	0.005935
1706	0.022940
1707	0.007903
1708	0.008220
1709	0.000267
1710	0.001076
1711	0.006437
1712	0.015557
1713	0.004199
1714	0.011204
1715	0.007287
1716	0.009698
1717	0.010490
1718	0.000313
1719	0.000874
1720	0.008285
1721	0.009676
1722	0.011579
1723	0.004003
1724	0.006161
1725	0.006786
1726	0.014014
1727	0.013546
1728	0.006884
1729	0.005925
1730	0.011397
1731	0.010012
1732	0.008116
1733	0.014103
1734	0.021913
1735	0.269476
1736	0.054859
1737	0.267102
1738	0.029015
1739	0.040677
1740	0.033980
1741	0.020718
1742	0.064790
1743	0.289789
1744	0.050279
1745	0.376055
1746	0.034662
1747	0.011425
1748	0.344343
1749	0.266258
1750	0.024120
1751	0.024013
1752	0.007164
1753	0.002757
1754	0.004100
1755	0.056889
1756	0.181766
1757	0.034185
1758	0.043352
1759	0.041613
1760	0.024029
1761	0.039251
1762	0.045501
1763	0.017826
1764	0.019397
1765	0.022830
1766	0.022184
1767	0.025261
1768	0.027645
1769	0.024429
1770	0.024172
1771	0.019053
1772	0.016739
1773	0.009134
1774	0.008456
1775	0.014199
1776	0.012767
1777	0.012777
1778	0.014122
1779	0.016326
1780	0.013952
1781	0.008805
1782	0.008912
1783	0.008974
1784	0.039864
1785	0.001227
1786	0.008223
1787	0.002802
1788	0.002277
1789	0.001995
1790	0.001274
1791	0.041879
1792	0.283774
1793	0.000700
1794	0.002715
1795	0.000455
1796	0.001359
1797	0.000218
1798	0.000333
1799	0.002661
1800	0.003238
1801	0.006119
1802	0.000217
1803	0.001393
1804	0.002598
1805	0.000508
1806	0.010911
1807	0.000387
1808	0.002253
1809	0.004721
1810	0.001098
1811	0.002823
1812	0.002438
1813	0.001386
1814	0.000862
1815	0.000987
1816	0.000564
1817	0.001996
1818	0.000556
1819	0.000588
1820	0.002370
1821	0.003367
1822	0.003763
1823	0.010275
1824	0.003610
1825	0.001245
1826	0.001368
1827	0.002328
1828	0.002120
1829	0.001362
1830	0.001371
1831	0.010516
1832	0.055267
1833	0.003613
1834	0.000520
1835	0.002831
1836	0.000403
1837	0.002249
1838	0.000555
1839	0.002863
1840	0.001725
1841	0.000971
1842	0.088082
1843	0.000847
1844	0.000897
1845	0.001422
1846	0.002206
1847	0.002320
1848	0.002291
1849	0.002176
1850	0.001980
1851	0.002540
1852	0.001902
1853	0.000966
1854	0.000793
1855	0.000748
1856	0.000943
1857	0.000767
1858	0.000743
1859	0.000765
1860	0.000624
1861	0.003310
1862	0.002634
1863	0.011554
1864	0.001816
1865	0.000675
1866	0.000506
1867	0.000336
1868	0.000660
1869	0.000651
1870	0.000407
1871	0.000386
1872	0.001026
1873	0.002653
1874	0.003689
1875	0.003259
1876	0.004651
1877	0.021425
1878	0.002330
1879	0.004611
1880	0.003593
1881	0.002393
1882	0.002454
1883	0.002439
1884	0.002675
1885	0.003068
1886	0.003056
1887	0.003082
1888	0.003282
1889	0.003180
1890	0.003041
1891	0.003116
1892	0.003109
1893	0.003008
1894	0.002914
1895	0.001703
1896	0.003244
1897	0.016741
1898	0.009432
1899	0.001460
1900	0.002277
1901	0.002259
1902	0.004313
1903	0.001316
1904	0.001968
1905	0.000413
1906	0.002060
1907	0.001951
1908	0.001852
1909	0.001897
1910	0.000774
1911	0.001811
1912	0.001790
1913	0.001798
1914	0.001917
1915	0.003464
1916	0.002808
1917	0.003089
1918	0.003137
1919	0.003399
1920	0.003301
1921	0.002547
1922	0.002588
1923	0.003220
1924	0.003105
1925	0.003377
1926	0.004412
1927	0.009977
1928	0.001904
1929	0.007037
1930	0.006659
1931	0.007954
1932	0.006419
1933	0.011541
1934	0.004449
1935	0.004591
1936	0.001258
1937	0.000276
1938	0.004103
1939	0.003267
1940	0.436591
1941	0.001342
1942	0.001791
1943	0.000322
1944	0.001147
1945	0.001158
1946	0.001178
1947	0.004913
1948	0.001644
1949	0.001990
1950	0.004616
1951	0.001880
1952	0.002011
1953	0.002085
1954	0.002096
1955	0.002160
1956	0.002024
1957	0.002158
1958	0.002123
1959	0.002084
1960	0.002055
1961	0.019931
1962	0.017667
1963	0.017874
1964	0.003659
1965	0.002255
1966	0.000525
1967	0.003879
1968	0.001605
1969	0.004077
1970	0.003182
1971	0.002721
1972	0.002750
1973	0.004024
1974	0.003830
1975	0.004222
1976	0.000491
1977	0.000547
1978	0.000296
1979	0.001674
1980	0.000823
1981	0.000563
1982	0.000306
1983	0.000316
1984	0.005252
1985	0.000592
1986	0.002888
1987	0.000620
1988	0.009503
1989	0.000832
1990	0.000495
1991	0.002806
1992	0.000556
1993	0.004034
1994	0.003485
1995	0.001904
1996	0.002262
1997	0.002052
1998	0.001907
1999	0.002044
2000	0.002003
2001	0.000233
2002	0.000305
2003	0.000405
2004	0.000348
2005	0.000258
2006	0.000214
2007	0.000397
2008	0.000457
2009	0.000270
2010	0.000222
2011	0.000335
2012	0.000972
2013	0.001078
2014	0.000801
2015	0.001194
2016	0.001963
2017	0.004343
2018	0.000708
2019	0.000371
2020	0.001799
2021	0.006364
2022	0.004555
2023	0.003497
2024	0.002318
2025	0.005285
2026	0.002811
2027	0.001160
2028	0.001902
2029	0.004286
2030	0.008555
2031	0.003781
2032	0.008288
2033	0.003122
2034	0.008475
2035	0.007492
2036	0.007395
2037	0.004885
2038	0.007863
2039	0.009914
2040	0.003656
2041	0.000643
2042	0.000219
2043	0.001133
2044	0.000413
2045	0.000774
2046	0.000799
2047	0.000390
2048	0.000589
2049	0.000739
2050	0.000771
2051	0.006541
2052	0.025036
2053	0.007225
2054	0.001632
2055	0.003835
2056	0.000892
2057	0.001217
2058	0.001313
2059	0.000293
2060	0.001172
2061	0.002781
2062	0.001545
2063	0.001078
2064	0.002288
2065	0.004449
2066	0.003121
2067	0.003876
2068	0.003109
2069	0.006583
2070	0.057039
2071	0.002775
2072	0.003114
2073	0.002890
2074	0.001824
2075	0.002108
2076	0.000524
2077	0.000181
2078	0.014881
2079	0.003218
2080	0.006265
2081	0.001508
2082	0.001071
2083	0.001651
2084	0.002245
2085	0.000378
2086	0.000554
2087	0.000658
2088	0.000306
2089	0.001999
2090	0.000537
2091	0.000152
2092	0.000536
2093	0.001313
2094	0.000320
2095	0.001856
2096	0.000830
2097	0.000852
2098	0.000819
2099	0.002333
2100	0.001900
2101	0.003084
2102	0.002741
2103	0.002862
2104	0.003394
2105	0.004485
2106	0.000152
2107	0.000756
2108	0.000356
2109	0.000329
2110	0.002151
2111	0.000631
2112	0.000938
2113	0.002748
2114	0.002860
2115	0.002778
2116	0.002943
2117	0.002981
2118	0.002944
2119	0.002870
2120	0.002758
2121	0.001965
2122	0.003628
2123	0.003783
2124	0.005629
2125	0.000835
2126	0.000908
2127	0.001187
2128	0.000508
2129	0.000581
2130	0.003869
2131	0.002272
2132	0.006185
2133	0.004986
2134	0.005984
2135	0.004979
2136	0.002000
2137	0.000138
2138	0.000554
2139	0.006729
2140	0.000509
2141	0.000221
2142	0.000255
2143	0.000255
2144	0.000736
2145	0.008708
2146	0.006761
2147	0.006960
2148	0.006678
2149	0.006671
2150	0.006345
2151	0.000343
2152	0.000247
2153	0.000280
2154	0.000243
2155	0.000201
2156	0.000290
2157	0.000406
2158	0.000183
2159	0.000129
2160	0.000155
2161	0.001537
2162	0.000705
2163	0.000192
2164	0.001631
2165	0.002411
2166	0.003336
2167	0.002867
2168	0.001686
2169	0.000272
2170	0.000427
2171	0.000511
2172	0.000510
2173	0.000306
2174	0.000821
2175	0.000725
2176	0.001414
2177	0.003348
2178	0.002550
2179	0.002558
2180	0.212769
2181	0.012664
2182	0.008161
2183	0.002457
2184	0.003380
2185	0.000477
2186	0.001456
2187	0.001944
2188	0.001654
2189	0.003339
2190	0.005841
2191	0.005768
2192	0.006862
2193	0.006848
2194	0.006976
2195	0.004169
2196	0.000147
2197	0.000396
2198	0.000557
2199	0.000927
2200	0.000791
2201	0.001521
2202	0.003960
2203	0.000820
2204	0.000765
2205	0.000669
2206	0.001450
2207	0.001112
2208	0.000389
2209	0.001028
2210	0.003996
2211	0.001947
2212	0.001911
2213	0.001919
2214	0.003324
2215	0.001303
2216	0.002366
2217	0.004678
2218	0.001949
2219	0.001996
2220	0.000746
2221	0.114913
2222	0.039308
2223	0.023960
2224	0.016409
2225	0.017767
2226	0.869215
2227	0.157454
2228	0.220250
2229	0.053520
2230	0.078178
2231	0.234336
2232	0.128811
2233	0.142890
2234	0.055546
2235	0.029983
2236	0.015425
2237	0.015405
2238	0.019083
2239	0.042932
2240	0.050295
2241	0.006609
2242	0.000877
2243	0.009677
2244	0.001021
2245	0.140518
2246	0.010587
2247	0.018517
2248	0.020098
2249	0.018877
2250	0.032825
2251	0.001013
2252	0.006298
2253	0.006027
2254	0.011654
2255	0.026934
2256	0.001989
2257	0.002094
2258	0.002198
2259	0.053480
2260	0.031029
2261	0.010410
2262	0.008450
2263	0.009426
2264	0.003248
2265	0.000418
2266	0.003982
2267	0.001267
2268	0.001278
2269	0.002081
2270	0.001987
2271	0.002526
2272	0.000974
2273	0.001375
2274	0.001874
2275	0.001527
2276	0.001923
2277	0.000279
2278	0.002935
2279	0.001506
2280	0.005353
2281	0.004040
2282	0.003421
2283	0.003022
2284	0.003112
2285	0.003400
2286	0.001721
2287	0.001191
2288	0.001818
2289	0.003548
2290	0.003803
2291	0.000930
2292	0.001549
2293	0.000544
2294	0.002861
2295	0.000545
2296	0.005814
2297	0.005812
2298	0.037027
2299	0.015163
2300	0.001042
2301	0.002193
2302	0.001296
2303	0.002588
2304	0.000336
2305	0.002000
2306	0.002252
2307	0.000194
2308	0.000938
2309	0.001005
2310	0.000800
2311	0.000760
2312	0.000766
2313	0.000793
2314	0.000779
2315	0.000768
2316	0.000445
2317	0.000521
2318	0.000386
2319	0.000384
2320	0.000444
2321	0.000503
2322	0.000358
2323	0.000334
2324	0.000249
2325	0.000314
2326	0.000404
2327	0.000386
2328	0.000394
2329	0.000394
2330	0.001143
2331	0.001580
2332	0.002459
2333	0.001400
2334	0.000861
2335	0.001963
2336	0.001628
2337	0.003390
2338	0.011780
2339	0.002529
2340	0.002313
2341	0.002687
2342	0.004396
2343	0.003882
2344	0.002249
2345	0.013520
2346	0.000533
2347	0.004461
2348	0.002050
2349	0.001678
2350	0.001241
2351	0.001880
2352	0.002443
2353	0.004740
2354	0.004754
2355	0.285910
2356	0.482768
2357	0.002071
2358	0.004746
2359	0.017693
2360	0.123093
2361	0.334026
2362	0.185727
2363	0.008072
2364	0.053547
2365	0.080596
2366	0.103006
2367	0.338263
2368	0.097335
2369	0.039682
2370	0.011196
2371	0.020428
2372	0.141560
2373	0.028462
2374	0.003772
2375	0.004161
2376	0.025158
2377	0.026033
2378	0.023857
2379	0.022225
2380	0.023499
2381	0.006794
2382	0.004378
2383	0.004258
2384	0.001156
2385	0.004339
2386	0.001142
2387	0.001104
2388	0.001227
2389	0.001204
2390	0.003753
2391	0.001797
2392	0.002219
2393	0.001028
2394	0.001081
2395	0.003240
2396	0.003476
2397	0.003469
2398	0.007162
2399	0.001416
2400	0.003634
2401	0.010281
2402	0.011380
2403	0.007274
2404	0.007875
2405	0.005963
2406	0.001955
2407	0.006442
2408	0.005732
2409	0.008628
2410	0.008649
2411	0.008173
2412	0.008491
2413	0.009888
2414	0.008709
2415	0.008759
2416	0.008029
2417	0.007407
2418	0.007362
2419	0.008327
2420	0.014788
2421	0.982520
2422	0.260618
2423	0.041224
2424	0.006894
2425	0.061960
2426	0.034019
2427	0.020939
2428	0.018774
2429	0.059424
2430	0.007363
2431	0.010410
2432	0.012020
2433	0.010463
2434	0.010271
2435	0.013978
2436	0.003412
2437	0.003644
2438	0.002574
2439	0.002736
2440	0.002393
2441	0.011212
2442	0.015554
2443	0.035762
2444	0.028338
2445	0.019312
2446	0.027894
2447	0.029234
2448	0.015645
2449	0.034084
2450	0.020217
2451	0.023055
2452	0.024227
2453	0.015476
2454	0.136485
2455	0.134586
2456	0.110136
2457	0.075693
2458	0.195131
2459	1.844812
2460	0.198288
2461	4.066351
2462	1.518066
2463	0.534933
2464	0.428446
2465	0.166295
2466	0.365631
2467	0.554152
2468	0.366240
2469	0.336962
2470	0.315865
2471	0.221550
2472	0.174546
2473	0.210564
2474	0.170775
2475	0.047373
2476	0.635931
2477	1.302312
2478	1.012358
2479	2.330354
2480	0.672764
2481	1.423702
2482	0.785945
2483	5.453590
2484	1.436953
2485	0.811804
2486	0.211656
2487	0.109641
2488	0.084462
2489	0.143933
2490	0.698922
2491	0.177858
2492	0.172873
2493	0.214653
2494	0.189830
2495	0.145969
2496	0.207913
2497	0.211604
2498	0.212068
2499	0.200348
2500	0.482194
2501	4.251750
2502	1.481340
2503	1.132833
2504	2.031292
2505	1.138788
2506	1.000458
2507	1.178041
2508	1.222838
2509	1.137368
2510	1.123104
2511	1.169091
2512	1.152658
2513	0.091809
2514	0.087462
2515	0.087499
2516	0.134569
2517	0.114842
2518	0.179528
2519	0.088373
2520	0.081603
2521	0.061981
2522	0.081143
2523	0.049526
2524	0.051316
2525	0.118907
2526	0.468727
2527	0.491552
2528	0.491843
2529	0.697849
2530	0.123937
2531	0.207727
2532	0.443066
2533	0.424256
2534	0.633609
2535	1.651371
2536	0.815448
2537	0.816673
2538	0.809945
2539	3.587033
2540	0.545992
2541	0.266528
2542	0.335026
2543	0.223473
2544	0.374908
2545	0.310045
2546	0.335557
2547	0.324166
2548	0.324371
2549	0.323378
2550	0.303611
2551	0.101747
2552	0.113057
2553	0.134859
2554	0.117393
2555	0.100249
2556	0.103976
2557	0.129429
2558	1.105443
2559	0.220961
2560	2.970950
2561	1.749472
2562	0.952053
2563	0.334673
2564	0.968381
2565	0.781324
2566	0.054869
2567	0.058052
2568	0.048540
2569	0.018882
2570	0.024239
2571	0.024201
2572	0.030166
2573	0.028442
2574	0.429789
2575	0.030777
2576	0.036819
2577	0.042116
2578	0.023593
2579	0.042435
2580	0.033308
2581	0.049342
2582	0.049303
2583	0.063813
2584	0.151985
2585	0.010163
2586	0.011272
2587	0.015664
2588	0.010608
2589	0.015968
2590	0.027502
2591	0.304158
2592	0.353780
2593	0.436809
2594	0.545220
2595	0.094516
2596	0.028731
2597	0.021883
2598	0.021951
2599	0.015514
2600	0.011720
2601	0.007320
2602	0.026184
2603	0.004010
2604	0.010941
2605	0.014158
2606	0.033210
2607	0.019856
2608	0.015783
2609	0.015257
2610	0.013778
2611	0.002997
2612	0.003176
2613	0.053889
2614	0.054770
2615	0.375042
2616	0.102651
2617	0.264206
2618	0.012017
2619	0.018402
2620	0.008387
2621	0.016027
2622	0.009886
2623	0.010287
2624	0.009419
2625	0.009752
2626	0.005575
2627	0.006360
2628	0.006645
2629	0.006697
2630	0.006771
2631	0.010135
2632	0.007993
2633	0.024918
2634	0.033694
2635	0.005949
2636	0.010052
2637	0.009234
2638	0.008952
2639	0.046323
2640	0.114058
2641	0.007436
2642	0.020351
2643	0.015056
2644	0.015094
2645	0.012550
2646	0.010175
2647	0.010210
2648	0.011128
2649	0.010382
2650	0.013027
2651	0.027979
2652	0.002465
2653	0.003006
2654	0.024719
2655	0.008461
2656	0.007849
2657	0.008919
2658	0.009078
2659	0.009453
2660	0.010271
2661	0.008506
2662	0.009888
2663	0.010292
2664	0.009477
2665	0.009404
2666	0.009548
2667	0.009629
2668	0.009226
2669	0.009525
2670	0.009379
2671	0.009860
2672	0.009948
2673	0.010955
2674	0.010428
2675	0.011964
2676	0.009689
2677	0.016477
2678	0.009675
2679	0.006545
2680	0.005612
2681	0.006400
2682	0.003552
2683	0.003211
2684	0.009709
2685	0.008996
2686	0.012823
2687	0.002694
2688	0.169404
2689	0.009291
2690	0.008124
2691	0.006403
2692	0.006048
2693	0.006022
2694	0.006229
2695	0.003561
2696	0.003596
2697	0.003589
2698	0.003466
2699	0.003821
2700	0.003594
2701	0.014496
2702	0.014671
2703	0.013376
2704	0.014075
2705	0.013307
2706	0.010844
2707	0.013290
2708	0.010525
2709	0.008249
2710	0.009931
2711	0.024613
2712	0.005150
2713	0.156035
2714	0.055940
2715	0.024990
2716	0.034353
2717	0.036619
2718	0.032476
2719	0.038149
2720	0.028598
2721	0.040440
2722	0.031269
2723	0.032666
2724	0.033936
2725	0.021939
2726	0.022487
2727	0.023415
2728	0.034617
2729	0.022555
2730	0.022565
2731	0.025474
2732	0.031390
2733	0.128247
2734	0.134782
2735	0.039173
2736	0.041405
2737	0.053442
2738	0.554535
2739	0.035387
2740	0.833970
2741	0.079278
2742	0.004813
2743	0.058965
2744	0.066236
2745	0.142079
2746	0.003270
2747	0.048859
2748	0.011773
2749	0.129012
2750	0.066491
2751	0.052375
2752	0.053228
2753	0.039656
2754	0.042328
2755	0.064472
2756	0.005888
2757	0.063250
2758	0.144257
2759	0.143500
2760	0.421772
2761	0.034405
2762	0.065809
2763	0.052296
2764	0.051661
2765	0.042779
2766	0.025172
2767	0.044471
2768	0.511873
2769	0.047691
2770	0.076641
2771	0.188214
2772	0.113032
2773	0.016094
2774	0.036728
2775	2.882819
2776	0.665590
2777	0.687716
2778	0.468065
2779	1.191425
2780	3.079046
2781	0.208941
2782	0.290417
2783	0.166500
2784	0.186355
2785	0.018752
2786	0.092082
2787	0.101860
2788	0.066727
2789	0.061586
2790	0.209294
2791	1.340192
2792	0.021533
2793	0.044613
2794	0.016051
2795	0.026566
2796	0.013517
2797	0.021065
2798	0.083469
2799	0.012797
2800	0.018143
2801	0.017588
2802	0.016611
2803	0.015452
2804	0.021067
2805	0.025275
2806	0.177527
2807	0.074199
2808	0.061352
2809	0.070334
2810	0.044923
2811	0.032870
2812	0.033957
2813	0.034331
2814	0.035741
2815	0.040418
2816	0.047288
2817	0.005473
2818	0.028353
2819	0.002473
2820	0.160129
2821	0.072842
2822	0.077691
2823	0.054446
2824	0.109343
2825	0.107209
2826	0.072415
2827	0.071746
2828	0.062488
2829	0.389142
2830	0.149408
2831	0.003184
2832	0.054884
2833	0.074826
2834	0.003491
2835	0.029144
2836	0.019138
2837	0.003001
2838	0.003028
2839	0.004113
2840	0.009803
2841	0.021662
2842	0.025897
2843	0.004841
2844	0.002908
2845	0.005595
2846	0.032141
2847	0.025630
2848	0.008423
2849	0.069092
2850	0.030979
2851	0.025306
2852	0.004197
2853	0.001550
2854	0.012295
2855	0.170982
2856	0.050383
2857	0.036480
2858	2.591012
2859	2.122206
2860	0.009584
2861	0.004737
2862	0.006431
2863	0.004148
2864	0.003467
2865	0.005517
2866	0.005467
2867	0.004386
2868	0.004206
2869	0.004605
2870	0.004236
2871	0.002947
2872	0.002134
2873	0.003096
2874	0.040476
2875	0.006021
2876	0.002127
2877	0.008436
2878	0.040943
2879	0.015768
2880	0.019341
2881	0.017404
2882	0.017298
2883	0.008348
2884	0.010553
2885	0.012030
2886	0.014970
2887	0.221705
2888	0.067204
2889	0.017778
2890	0.016436
2891	0.016091
2892	0.027515
2893	0.012057
2894	0.012802
2895	0.015626
2896	0.013907
2897	0.007941
2898	0.019490
2899	0.007574
2900	0.010146
2901	0.010062
2902	0.010021
2903	0.009943
2904	0.009954
2905	0.010507
2906	0.010091
2907	0.009951
2908	0.010610
2909	0.001753
2910	0.011409
2911	0.173795
2912	0.009117
2913	0.004814
2914	0.009777
2915	0.011315
2916	0.010303
2917	0.015070
2918	0.006504
2919	0.011290
2920	0.021519
2921	0.002741
2922	0.002301
2923	0.005810
2924	0.003943
2925	0.034432
2926	0.012091
2927	0.012974
2928	0.018027
2929	0.014720
2930	0.016538
2931	0.008795
2932	0.008433
2933	0.008339
2934	0.007807
2935	0.007869
2936	0.007986
2937	0.008321
2938	0.007475
2939	0.007473
2940	0.006894
2941	0.005029
2942	0.004746
2943	0.003409
2944	0.005264
2945	0.006405
2946	0.005252
2947	0.003929
2948	0.006095
2949	0.010919
2950	0.006329
2951	0.009695
2952	0.008738
2953	0.008357
2954	0.007118
2955	0.006321
2956	0.007729
2957	0.007636
2958	0.007286
2959	0.007294
2960	0.007553
2961	0.006975
2962	0.005546
2963	0.007423
2964	0.007784
2965	0.007765
2966	0.007706
2967	0.007726
2968	0.032424
2969	0.039376
2970	0.009800
2971	0.007648
2972	0.007729
2973	0.006638
2974	0.006749
2975	0.008431
2976	0.003794
2977	0.009227
2978	0.008636
2979	0.009094
2980	0.009638
2981	0.010222
2982	0.009415
2983	0.009283
2984	0.008746
2985	0.010725
2986	0.011047
2987	0.010879
2988	0.018950
2989	0.010884
2990	0.010944
2991	0.011756
2992	0.011861
2993	0.011559
2994	0.011282
2995	0.011130
2996	0.011109
2997	0.011130
2998	0.011146
2999	0.011114
3000	0.011119
3001	0.027008
3002	0.001708
3003	0.011203
3004	0.005793
3005	0.011220
3006	0.007385
3007	0.008165
3008	0.008994
3009	0.009000
3010	0.013102
3011	0.010957
3012	0.011771
3013	0.010253
3014	0.009689
3015	0.008663
3016	0.008515
3017	0.008724
3018	0.008797
3019	0.007850
3020	108.187714
3021	0.009922
3022	0.009921
3023	0.009924
3024	0.009898
3025	0.009932
3026	0.008278
3027	0.007742
3028	0.007738
3029	0.007560
3030	0.007565
3031	0.008606
3032	0.006898
3033	0.014203
3034	0.001922
3035	0.008655
3036	0.004464
3037	0.005681
3038	0.006144
3039	0.003758
3040	0.003238
3041	0.004854
3042	0.004394
3043	0.004567
3044	0.004408
3045	0.004424
3046	0.003665
3047	0.001170
3048	0.003908
3049	0.004194
3050	0.004169
3051	0.001382
3052	0.004412
3053	0.004314
3054	0.003769
3055	0.002191
3056	0.011097
3057	0.052001
3058	0.003790
3059	0.007724
3060	0.036434
3061	0.001256
3062	0.003355
3063	0.003895
3064	0.003543
3065	0.007158
3066	0.006494
3067	0.007174
3068	0.007294
3069	0.006773
3070	0.007960
3071	0.012224
3072	0.012162
3073	0.013931
3074	0.015182
3075	0.019700
3076	0.019077
3077	0.021390
3078	0.019834
3079	0.021032
3080	0.006157
3081	0.002745
3082	0.004429
3083	0.003113
3084	0.002841
3085	0.005346
3086	0.005127
3087	0.007266
3088	0.031997
3089	0.008325
3090	0.011938
3091	0.007087
3092	0.034829
3093	0.008944
3094	0.004875
3095	0.003828
3096	0.035939
3097	0.008019
3098	0.007910
3099	0.007897
3100	0.007723
3101	0.003690
3102	0.006343
3103	0.010149
3104	0.024314
3105	0.011802
3106	0.013665
3107	0.013769
3108	0.081319
3109	0.010428
3110	0.008622
3111	0.006481
3112	0.009930
3113	0.008057
3114	0.007124
3115	0.007632
3116	0.011256
3117	0.008664
3118	0.007458
3119	0.007705
3120	0.008491
3121	0.006268
3122	0.005715
3123	0.006326
3124	0.007498
3125	0.011309
3126	0.007086
3127	0.007053
3128	0.007002
3129	0.007547
3130	0.007268
3131	0.007929
3132	0.007929
3133	0.007645
3134	0.007538
3135	0.007228
3136	0.007469
3137	0.007367
3138	0.006953
3139	0.008660
3140	0.006612
3141	0.006992
3142	0.006866
3143	0.006768
3144	0.006855
3145	0.245997
3146	0.009353
3147	0.009295
3148	0.009291
3149	0.008822
3150	0.005884
3151	0.009121
3152	0.012095
3153	0.016341
3154	0.027745
3155	0.007745
3156	0.011546
3157	0.010281
3158	0.004862
3159	0.005255
3160	0.007487
3161	0.006258
3162	0.037583
3163	0.007458
3164	0.014008
3165	0.027997
3166	0.018734
3167	0.023324
3168	0.018288
3169	0.025013
3170	0.006736
3171	0.027227
3172	0.030362
3173	0.676745
3174	0.062584
3175	0.085603
3176	0.029488
3177	0.362864
3178	0.046094
3179	0.052190
3180	0.054547
3181	0.043795
3182	0.082835
3183	0.015625
3184	0.035134
3185	0.034211
3186	0.034970
3187	0.061230
3188	0.002392
3189	0.010971
3190	0.015325
3191	0.008775
3192	0.011237
3193	0.018701
3194	0.002616
3195	0.010773
3196	0.010848
3197	0.024239
3198	0.011356
3199	0.011445
3200	0.011253
3201	0.022397
3202	0.021938
3203	0.020480
3204	0.059205
3205	1.284884
3206	0.042895
3207	0.038462
3208	0.031868
3209	0.033126
3210	0.032206
3211	0.019328
3212	0.019881
3213	0.015490
3214	0.014239
3215	0.031400
3216	0.028952
3217	0.027366
3218	0.026731
3219	0.031024
3220	0.030913
3221	0.019758
3222	0.019715
3223	0.019647
3224	0.020378
3225	0.004430
3226	0.003726
3227	0.003738
3228	0.013398
3229	0.004593
3230	0.000623
3231	0.005824
3232	0.004912
3233	0.006180
3234	0.006299
3235	0.007565
3236	0.006305
3237	0.006181
3238	0.006114
3239	0.009454
3240	0.007996
3241	0.008102
3242	0.008971
3243	0.008065
3244	0.007948
3245	0.010299
3246	0.019499
3247	0.003644
3248	0.009276
3249	0.007413
3250	0.014891
3251	0.003801
3252	0.002557
3253	0.006567
3254	0.004622
3255	0.005878
3256	0.006779
3257	0.006555
3258	0.006461
3259	0.006460
3260	0.009072
3261	0.006412
3262	0.005527
3263	0.152923
3264	0.017871
3265	0.009964
3266	0.008401
3267	0.043242
3268	0.009374
3269	0.010554
3270	0.009841
3271	0.013554
3272	0.011819
3273	0.009219
3274	0.005618
3275	0.008159
3276	0.012624
3277	0.005740
3278	0.005635
3279	0.008083
3280	0.008034
3281	0.008189
3282	0.015453
3283	0.005476
3284	0.005538
3285	0.009186
3286	0.028629
3287	0.022946
3288	0.013561
3289	0.001812
3290	0.010360
3291	0.000765
3292	0.001208
3293	0.002988
3294	0.001140
3295	0.007016
3296	0.000172
3297	0.001051
3298	0.001110
3299	0.002312
3300	0.002255
3301	0.001925
3302	0.002221
3303	0.002215
3304	0.009760
3305	0.002208
3306	0.001124
3307	0.000797
3308	0.000654
3309	0.000306
3310	0.003724
3311	0.001523
3312	0.002197
3313	0.006653
3314	0.002105
3315	0.002047
3316	0.002183
3317	0.002013
3318	0.001356
3319	0.001848
3320	0.002174
3321	0.002501
3322	0.002459
3323	0.002477
3324	0.002396
3325	0.002687
3326	0.002335
3327	0.002336
3328	0.006194
3329	0.002056
3330	0.001136
3331	0.000925
3332	0.000545
3333	0.001509
3334	0.001521
3335	0.000229
3336	0.000915
3337	0.000903
3338	0.000940
3339	0.000939
3340	0.000655
3341	0.000747
3342	0.000761
3343	0.000520
3344	0.000754
3345	0.000946
3346	0.000671
3347	0.001840
3348	0.000630
3349	0.000697
3350	0.000695
3351	0.000688
3352	0.000659
3353	0.000658
3354	0.000688
3355	0.000890
3356	0.002312
3357	0.002346
3358	0.001243
3359	0.000621
3360	0.000594
3361	0.000508
3362	0.000531
3363	0.000547
3364	0.001019
3365	0.000178
3366	0.000154
3367	0.000153
3368	0.000203
3369	0.000194
3370	0.000188
3371	0.000492
3372	0.000604
3373	0.000694
3374	0.000554
3375	0.000938
3376	0.000989
3377	0.001421
3378	0.001774
3379	0.000916
3380	0.000916
3381	0.001466
3382	0.000872
3383	0.001148
3384	0.000949
3385	0.000196
3386	0.000578
3387	0.000201
3388	0.000174
3389	0.001135
3390	0.000610
3391	0.000605
3392	0.000786
3393	0.000318
3394	0.000301
3395	0.000307
3396	0.000596
3397	0.000139
3398	0.000228
3399	0.000168
3400	0.000511
3401	0.001441
3402	0.001593
3403	0.001667
3404	0.004450
3405	0.004050
3406	0.000894
3407	0.001074
3408	0.003690
3409	0.028106
3410	0.023850
3411	0.000419
3412	0.008231
3413	0.003695
3414	0.011895
3415	0.007758
3416	0.000827
3417	0.000359
3418	0.000185
3419	0.000329
3420	0.001031
3421	0.000300
3422	0.000309
3423	0.000693
3424	0.003722
3425	0.000530
3426	0.001820
3427	0.001178
3428	0.001269
3429	0.001326
3430	0.020146
3431	0.022456
3432	0.016529
3433	0.016762
3434	0.008775
3435	0.025193
3436	0.365842
3437	0.003270
3438	0.042350
3439	0.001276
3440	0.023875
3441	0.000769
3442	0.000893
3443	0.000349
3444	0.005316
3445	0.001296
3446	0.000372
3447	0.012901
3448	0.043034
3449	0.015297
3450	0.003259
3451	0.004417
3452	0.003191
3453	0.006188
3454	0.002356
3455	0.001588
3456	0.001706
3457	0.004306
3458	0.001530
3459	0.001449
3460	0.001561
3461	0.001216
3462	0.001354
3463	0.001174
3464	0.001035
3465	0.000751
3466	0.002688
3467	0.001688
3468	0.001371
3469	0.001089
3470	0.000982
3471	0.001388
3472	0.001357
3473	0.001235
3474	0.001104
3475	0.001106
3476	0.001536
3477	0.000728
3478	0.001801
3479	0.076064
3480	0.001853
3481	0.002357
3482	0.002665
3483	0.005426
3484	0.003209
3485	0.005538
3486	0.003305
3487	0.014498
3488	0.004363
3489	0.006277
3490	0.001778
3491	0.000667
3492	0.051473
3493	0.000689
3494	0.001162
3495	0.069355
3496	0.001158
3497	0.000917
3498	0.001163
3499	0.000458
3500	0.001800
3501	0.003493
3502	0.003476
3503	0.001662
3504	0.018481
3505	0.000940
3506	0.010885
3507	0.004437
3508	0.004432
3509	0.005378
3510	0.004557
3511	0.003594
3512	0.004183
3513	0.004022
3514	0.004437
3515	0.004097
3516	0.002950
3517	0.005173
3518	0.004760
3519	0.003986
3520	0.012203
3521	0.001321
3522	0.001233
3523	0.001146
3524	0.018178
3525	0.042421
3526	0.004516
3527	0.007404
3528	0.000465
3529	0.000524
3530	0.000398
3531	0.000327
3532	0.001158
3533	0.001394
3534	0.000265
3535	0.001044
3536	0.008525
3537	0.002491
3538	0.000169
3539	0.000462
3540	0.000382
3541	0.014682
3542	0.004526
3543	0.001507
3544	0.000523
3545	0.008118
3546	0.005295
3547	0.005050
3548	0.000872
3549	0.002083
3550	0.002646
3551	0.003618
3552	0.002441
3553	0.005006
3554	0.004786
3555	0.006445
3556	0.007578
3557	0.007224
3558	0.020755
3559	0.004740
3560	0.005047
3561	0.014301
3562	0.017371
3563	0.013729
3564	0.012264
3565	0.012831
3566	0.002159
3567	0.046366
3568	0.020402
3569	0.034160
3570	0.053691
3571	0.009534
3572	0.014047
3573	0.113775
3574	0.028338
3575	0.034389
3576	0.003313
3577	0.003893
3578	0.003064
3579	0.003054
3580	0.002966
3581	0.002946
3582	0.014283
3583	0.004902
3584	0.004991
3585	0.008943
3586	0.003338
3587	0.003671
3588	0.003579
3589	0.004243
3590	0.004700
3591	0.054519
3592	0.073017
3593	0.009411
3594	0.005261
3595	0.011484
3596	0.003236
3597	0.007710
3598	0.013210
3599	0.011604
3600	0.011859
3601	0.011393
3602	0.011093
3603	0.038447
3604	0.013655
3605	0.016177
3606	0.006070
3607	0.009103
3608	0.009010
3609	0.011471
3610	0.011542
3611	0.005971
3612	0.017744
3613	0.023923
3614	0.480087
3615	0.006366
3616	0.019911
3617	0.036374
3618	0.015037
3619	0.021135
3620	0.005618
3621	0.022128
3622	0.024251
3623	0.017280
3624	0.010654
3625	0.017756
3626	0.544749
3627	0.013614
3628	0.044908
3629	0.006766
3630	0.012921
3631	0.001317
3632	0.004716
3633	0.003689
3634	0.002598
3635	0.004341
3636	0.003827
3637	0.003695
3638	0.003694
3639	0.003855
3640	0.004372
3641	0.001197
3642	0.001152
3643	0.004465
3644	0.002939
3645	0.002324
3646	0.001632
3647	0.001998
3648	0.002212
3649	0.003659
3650	0.004041
3651	0.004919
3652	0.004849
3653	0.003979
3654	0.004425
3655	0.005550
3656	0.005402
3657	0.005396
3658	0.005551
3659	0.005545
3660	0.005590
3661	0.004398
3662	0.004394
3663	0.005481
3664	0.004935
3665	0.005735
3666	0.005904
3667	0.005515
3668	0.005108
3669	0.005163
3670	0.003205
3671	0.003723
3672	0.002365
3673	0.002712
3674	0.001308
3675	0.009314
3676	0.000497
3677	0.000896
3678	0.001058
3679	0.000535
3680	0.001781
3681	0.002053
3682	0.006991
3683	0.000703
3684	0.001381
3685	0.001367
3686	0.001369
3687	0.005179
3688	0.006482
3689	0.001687
3690	0.015709
3691	0.001781
3692	0.014194
3693	0.005932
3694	0.010062
3695	0.014632
3696	0.000528
3697	0.001799
3698	0.002639
3699	0.011479
3700	0.000975
3701	0.000437
3702	0.000596
3703	0.000327
3704	0.001743
3705	0.002390
3706	0.001071
3707	0.000352
3708	0.002701
3709	0.002442
3710	0.002437
3711	0.002645
3712	0.002567
3713	0.002443
3714	0.002405
3715	0.002460
3716	0.001839
3717	0.002044
3718	0.001847
3719	0.002158
3720	0.002617
3721	0.003109
3722	0.002420
3723	0.003558
3724	0.003024
3725	0.002905
3726	0.003321
3727	0.003002
3728	0.002934
3729	0.002906
3730	0.002942
3731	0.093865
3732	0.057667
3733	0.007677
3734	0.007967
3735	0.001091
3736	0.000865
3737	0.001275
3738	0.001249
3739	0.006010
3740	0.006145
3741	0.012259
3742	0.012693
3743	0.017281
3744	0.004792
3745	0.007018
3746	0.002594
3747	0.002546
3748	0.002676
3749	0.004434
3750	0.005730
3751	0.000619
3752	0.000906
3753	0.000584
3754	0.000919
3755	0.000806
3756	0.000802
3757	0.000802
3758	0.000801
3759	0.000803
3760	0.000797
3761	0.000839
3762	0.000854
3763	0.000859
3764	0.001173
3765	0.006452
3766	0.000270
3767	0.000361
3768	0.001435
3769	0.001410
3770	0.000532
3771	0.004725
3772	0.002033
3773	0.000571
3774	0.000724
3775	0.000280
3776	0.000252
3777	0.000262
3778	0.000269
3779	0.000269
3780	0.002783
3781	0.000941
3782	0.000950
3783	0.000951
3784	0.000952
3785	0.001918
3786	0.001520
3787	0.000315
3788	0.000432
3789	0.000453
3790	0.000787
3791	0.000453
3792	0.000136
3793	0.000486
3794	0.000718
3795	0.000798
3796	0.000305
3797	0.000250
3798	0.000313
3799	0.000276
3800	0.000801
3801	0.000133
3802	0.000883
3803	0.002041
3804	0.000442
3805	0.000985
3806	0.000570
3807	0.000578
3808	0.002078
3809	0.002090
3810	0.000976
3811	0.001334
3812	0.000340
3813	0.000246
3814	0.100989
3815	0.027581
3816	0.000695
3817	0.002501
3818	0.001803
3819	0.001033
3820	0.001771
3821	0.000340
3822	0.000317
3823	0.000186
3824	0.000084
3825	0.001038
3826	0.000382
3827	0.005956
3828	0.000800
3829	0.000562

 *** end of resvec (iter,resvec[i]) 
 --------------------------------------------------------- 

 debuglevel         :  0  (0 is normal mode for measurement)
 N         :  300 
 s         :  4 
 used tolrance: norm < 0.000010 
 used rel. tolrance:  0.000129 
 used iterations:  3829 
 maxit          :  30000 
 runtime time(): 2 seconds 